-2.781255638351356030e+00,2.984877078017388108e+00,4.588181667901926608e-01,-1.125069040273882059e+01
-6.314234195324892163e+00,-5.061322091040638682e+00,-1.480369210103275890e+01,-1.487710242968331187e+01
-8.378643611556528370e+00,-9.793515064667777992e+00,-2.276155132309274620e+01,-1.629606353381674566e+01
-8.035549662561555451e+00,-1.010980639014778681e+01,-2.126603125441465281e+01,-1.469748573453229845e+01
-5.678683464682963589e+00,-7.469920477138822790e+00,-1.431235244456727074e+01,-1.164754006889303284e+01
-3.126588850092147709e+00,-4.335248825717901155e+00,-8.402237668796402659e+00,-1.029911712169204741e+01
-2.212168652194546947e+00,-2.361619065542786888e+00,-7.690061632237756406e+00,-1.264309120980528256e+01
-3.082080760005898590e+00,-1.893534160951095169e+00,-1.183345559815099435e+01,-1.738393958298860653e+01
-4.172777775923362853e+00,-2.710377596650686893e+00,-1.753679019450633092e+01,-2.101567910877497880e+01
-3.871801051925812587e+00,-4.756328343684033122e+00,-2.160324051363685172e+01,-2.099157687225529756e+01
-1.937487213474282433e+00,-7.991452544202985564e+00,-2.276625242221787460e+01,-1.751351260922019648e+01
5.630091041461193768e-01,-1.183583675472132235e+01,-2.143174054666360107e+01,-1.264315493807517221e+01
2.186557423145540469e+00,-1.524207978817554832e+01,-1.843183713605677099e+01,-8.593347092987997371e+00
1.971052582283289389e+00,-1.753062862175731240e+01,-1.433703874049336591e+01,-6.851648721845803536e+00
7.722075018999820240e-02,-1.888480325307875418e+01,-9.870459675782456088e+00,-7.756303956437708536e+00
-1.937786097132065954e+00,-1.953958121455960395e+01,-6.588094977496769644e+00,-1.009696156311615489e+01
-1.887960490501912059e+00,-1.841085620991413663e+01,-6.511554122935597988e+00,-1.161329563247599417e+01
1.278752580377016557e+00,-1.320949882285137278e+01,-1.047168156445446563e+01,-1.072380198708961174e+01
6.226092648756609726e+00,-2.877705965682336497e+00,-1.662692579589135278e+01,-7.930890238115229529e+00
9.891800832716164393e+00,9.751902805051821943e+00,-2.100454173806801350e+01,-5.403405380251522061e+00
9.607167285124639022e+00,1.839273699626278358e+01,-2.019027493017676633e+01,-5.329274557512237998e+00
4.914945707132917896e+00,1.756123294023697312e+01,-1.408648525183407862e+01,-8.579869943189031289e+00
-2.095141527583478602e+00,7.288096850942934246e+00,-6.346479127944334664e+00,-1.417246236833283746e+01
-7.909707362237572426e+00,-6.181543632570196678e+00,-2.053634111931540218e+00,-1.939597700086861209e+01
-9.577283290867301346e+00,-1.474354895802519039e+01,-4.404983673152150558e+00,-2.104675944414942990e+01
-6.601521384531655379e+00,-1.425198183761773407e+01,-1.260964751787806648e+01,-1.775751210708344630e+01
-1.373799671620814289e+00,-6.942767038530916146e+00,-2.212224483922716445e+01,-1.150287300689528003e+01
2.586195602796143245e+00,1.186612281950168546e+00,-2.708642350099191276e+01,-6.244717185860721997e+00
3.349835356548871435e+00,5.304722438209161339e+00,-2.394391182028048348e+01,-4.673497462974903982e+00
1.862113770810409630e+00,4.734712600999710475e+00,-1.426151718469719576e+01,-6.317875976635301427e+00
7.947866126909548523e-01,2.041229083074806105e+00,-4.468761576038414951e+00,-8.565439717558742672e+00
2.356742875331225839e+00,-2.174219568909024070e-01,-1.682839312110301577e+00,-8.886929740438693770e+00
6.935749943273871843e+00,-1.858256465953844971e+00,-8.043951488982779452e+00,-6.179233014970471949e+00
1.304161469068405488e+01,-4.599590369619681596e+00,-1.828998947989802559e+01,-1.105515415701977533e+00
1.807388292849754663e+01,-9.508439225183938248e+00,-2.350503418652341026e+01,4.066661096512504514e+00
1.963715390749819889e+01,-1.499490553889668476e+01,-1.853479580925824166e+01,6.550157156977078010e+00
1.698813160446975701e+01,-1.746671267399254646e+01,-6.539537288668601178e+00,5.003986329606613381e+00
1.149435128179326249e+01,-1.427856147586130930e+01,3.681268591075551377e+00,5.884748522044412899e-01
5.450458658945679602e+00,-6.323196728459109295e+00,5.168389904274641289e+00,-4.296372043127012041e+00
3.981493421419777246e-01,2.258487343895878130e+00,-1.796916198710727608e+00,-8.158651088224823766e+00
-3.284047996435973449e+00,7.140017651687962541e+00,-1.083864546704891474e+01,-1.091286125634037951e+01
-5.507795617612464945e+00,6.900094194887670618e+00,-1.529815315316690061e+01,-1.268873047663579889e+01
-5.942510795531946499e+00,3.432704010015366958e+00,-1.315777814452393280e+01,-1.317213967244057748e+01
-4.581984239536248005e+00,-3.546814347867188744e-01,-7.421833691549586831e+00,-1.237041877325126471e+01
-2.328078059657957777e+00,-3.051059155506271825e+00,-2.843658092135852300e+00,-1.125377792384437292e+01
-5.428109821372242294e-01,-5.115630184976566852e+00,-2.458169155424925645e+00,-1.107258444743985670e+01
-6.831486647143332480e-02,-7.229994463516211667e+00,-6.373560694202439869e+00,-1.228556344217351182e+01
-7.681778346118924850e-01,-8.749816971198905335e+00,-1.268914411240336548e+01,-1.438829928826425153e+01
-1.787480330302950504e+00,-7.964355197889903870e+00,-1.897095784183963474e+01,-1.646822622823175664e+01
-2.158023613048986711e+00,-3.838640387103418483e+00,-2.321003919630611634e+01,-1.775339972892756890e+01
-1.518183617659230045e+00,2.498285284312606880e+00,-2.431373070195482455e+01,-1.807148404117535634e+01
-5.260205191994369311e-01,7.927108353385472483e+00,-2.246288490924242254e+01,-1.807219684201862719e+01
-2.648974836460197824e-01,9.194565974868561753e+00,-1.910547998502018174e+01,-1.854060582521682932e+01
-8.748439922818025405e-01,5.218417637367651629e+00,-1.613085169968258015e+01,-1.910008061713104865e+01
-1.037067224617483241e+00,-1.825574677818004199e+00,-1.450408971741982889e+01,-1.814015819856421174e+01
6.485951749442375736e-01,-7.655097756911034779e+00,-1.348436706852202605e+01,-1.476634879841300396e+01
3.808712033698106403e+00,-8.724006415491386335e+00,-1.130149967800259780e+01,-1.054838731324874246e+01
6.312145189558586722e+00,-4.710076127788299871e+00,-6.889130376495406161e+00,-8.463465316886084722e+00
6.279497119407680295e+00,1.369585183835420716e+00,-1.246895499619244285e+00,-9.960455331313864846e+00
3.795844021781404898e+00,5.518828813449575321e+00,2.787072298203469689e+00,-1.360140681728732304e+01
6.534809250896730370e-01,5.563229608663622372e+00,2.368862193354018597e+00,-1.659716323394427562e+01
-1.158886329574739804e+00,2.153279927000776528e+00,-3.120898061523997402e+00,-1.706628802015146462e+01
-6.755945672335097463e-01,-2.384016461429598444e+00,-1.110316285199928998e+01,-1.483031301513211631e+01
1.636918680745993226e+00,-5.827391245170990608e+00,-1.709608868628058786e+01,-1.098114404972101710e+01
4.151173479154135038e+00,-6.955332182755993742e+00,-1.772494704482000216e+01,-7.218035337077552072e+00
5.103600625409916880e+00,-5.453181783385379511e+00,-1.328183225590475480e+01,-4.937916910777467194e+00
4.023538352428655429e+00,-1.708019110852624367e+00,-7.545145826163080827e+00,-4.172720555163046185e+00
2.275462034583928705e+00,3.048449142660135003e+00,-4.680828076769388169e+00,-3.565237348952034591e+00
1.873269059523526625e+00,6.732261093679910324e+00,-5.829175141601529830e+00,-1.896899843814195297e+00
3.615131946040314403e+00,7.190859668251727399e+00,-8.524522699284219129e+00,4.525942496880234756e-01
6.421284329310308792e+00,3.615313948619450990e+00,-9.446988763077982298e+00,1.884339320834525378e+00
8.349054150105557071e+00,-2.502918127231895440e+00,-7.736728914195735385e+00,1.192286855112905775e+00
8.081300633265543709e+00,-7.956897088663112960e+00,-5.656508758258283365e+00,-1.544912918305091809e+00
5.688134944145999405e+00,-9.870061088716555631e+00,-6.177321428242589896e+00,-5.318373284382670541e+00
2.428438750994819095e+00,-7.688908184849572613e+00,-1.004137437123366716e+01,-8.816131777346384979e+00
-1.574753657306176557e-01,-3.392185252510786508e+00,-1.503826639029725598e+01,-1.090933791949995424e+01
-1.390996022241953511e+00,2.987679966950784749e-01,-1.783683771416318109e+01,-1.133293651080795428e+01
-1.898079904060436363e+00,2.070044446376790859e+00,-1.647931894190032409e+01,-1.105623201717729565e+01
-2.691323604637995803e+00,2.650148935355460811e+00,-1.156440859934455290e+01,-1.134967670867647627e+01
-3.790151868096433230e+00,3.622582410260207109e+00,-5.668183209930368172e+00,-1.223932387666375377e+01
-4.182298696039750574e+00,5.712602009346392506e+00,-1.815873042114447111e+00,-1.245495432851307349e+01
-3.355628326069459266e+00,8.001302009308020047e+00,-1.924865697186445290e+00,-1.122516542279318230e+01
-2.378384013556004373e+00,8.525111206603007474e+00,-5.753900488898237242e+00,-9.526983884181220219e+00
-2.889574894485023915e+00,5.702577618119491376e+00,-1.084424766661238593e+01,-8.968153874218566912e+00
-5.087023848389995884e+00,-4.055473780430772779e-01,-1.387552161576042487e+01,-9.746237412660672561e+00
-7.132486345618602286e+00,-7.821754960544442525e+00,-1.293452721253022730e+01,-1.029278749047388608e+01
-6.642333948982920511e+00,-1.355624510499900204e+01,-8.938322543459438663e+00,-8.827955859862939292e+00
-2.674156552849264123e+00,-1.516500102202717137e+01,-4.706141541907091330e+00,-4.903088439482453431e+00
3.485587730284443797e+00,-1.203711956033633435e+01,-2.398377247801197765e+00,2.891799044939890040e-01
9.080963262243079370e+00,-5.618515725752692980e+00,-1.888110575929268009e+00,4.557313807615999579e+00
1.160050588638912927e+01,1.554795605045059981e+00,-1.685382436765025860e+00,5.904115459937750110e+00
1.043855291027778165e+01,7.273337828087575119e+00,-1.202748459546832072e+00,3.936728190881165101e+00
7.243155353192448409e+00,1.046750971457508506e+01,-1.707195589429517213e+00,3.482857477650632694e-01
4.427733723267823329e+00,1.102804702107438928e+01,-4.846212250002507105e+00,-2.490684782400012232e+00
3.162763855265835478e+00,9.200641884653030900e+00,-1.035514600660399687e+01,-3.619468483049279595e+00
2.928157781267402449e+00,5.313194014102299967e+00,-1.552013347965734447e+01,-3.823669972579142762e+00
2.885612637269032277e+00,-2.983658570516803388e-02,-1.722699763365429959e+01,-3.948959078234673736e+00
3.090724664809505029e+00,-5.691847520438552799e+00,-1.474981756696770319e+01,-3.636472166834591402e+00
4.038630968379273156e+00,-1.003120614987921755e+01,-1.052123256150543895e+01,-2.104365343078187234e+00
5.514514203925405589e+00,-1.127753133740024971e+01,-7.973197870868378168e+00,4.687546727793177048e-01
6.562672464504531789e+00,-8.233869353364347887e+00,-8.407265257972563077e+00,2.998157192253545489e+00
6.550382435582571716e+00,-1.150197340938541091e+00,-9.932660935591478335e+00,4.576161854795896211e+00
5.749653199201363307e+00,7.774491402650513194e+00,-9.617263749996238786e+00,4.856818422897275944e+00
4.746730253316254533e+00,1.496982388959984078e+01,-6.793992560912448297e+00,3.609813045428770018e+00
3.591788536440797319e+00,1.722646254350420136e+01,-4.101392785688788400e+00,6.575620362857469425e-01
1.627374282393207139e+00,1.357388364209231923e+01,-4.945031612884912775e+00,-3.660632078071653250e+00
-1.990869147263814032e+00,5.888795555743985943e+00,-9.755307836942295197e+00,-8.473430937883872360e+00
-7.383813584131691421e+00,-2.277890550668251635e+00,-1.487227693882514679e+01,-1.285530924159707133e+01
-1.304975651422703642e+01,-7.723534142239936173e+00,-1.544829276229278747e+01,-1.587110452329834231e+01
-1.596440480681182805e+01,-8.994306222449043986e+00,-9.820259028201398621e+00,-1.629658602405527645e+01
-1.348718518788239074e+01,-6.523725366410293880e+00,-1.279902237401464138e+00,-1.317959092524080411e+01
-5.950753793462122410e+00,-1.997156019617741807e+00,4.477894103651013147e+00,-7.139461547585380430e+00
2.741114381676895917e+00,2.375933059522595592e+00,4.000078732682680105e+00,-6.304699025293558634e-01
7.652104251661699053e+00,4.571221432409645402e+00,-1.264091372335848895e+00,3.604496206285094928e+00
6.309692681491641864e+00,3.531498126661902326e+00,-6.482999449603275899e+00,4.268343560250863256e+00
-4.129079815283709376e-03,-3.466230131098997358e-01,-7.563681172148325693e+00,1.749007502937882430e+00
-7.808302310258548040e+00,-5.550912753287168933e+00,-4.122588889142603463e+00,-2.619610407695301291e+00
-1.383122788339814946e+01,-1.046227502258210329e+01,1.085654777164209328e+00,-6.962810029673978107e+00
-1.643455707944083954e+01,-1.420402564555770653e+01,5.205341461054000973e+00,-9.162850465633514574e+00
-1.586645234522252323e+01,-1.675265609132542366e+01,7.589824439530265643e+00,-7.947450130210238051e+00
-1.378362297412452619e+01,-1.850763323028550289e+01,9.445622137272820851e+00,-4.057696983642651745e+00
-1.221986406382396773e+01,-1.986446090754308358e+01,1.187642087290335091e+01,1.310802423858361543e-01
-1.244008935033253138e+01,-2.109617312288509794e+01,1.474058359613733771e+01,2.399427045726442387e+00
-1.449171568445974145e+01,-2.248931638943966504e+01,1.723235813407086070e+01,1.995906936126976339e+00
-1.759361742870814638e+01,-2.444977441019402065e+01,1.895070819584956467e+01,-4.359116001212459679e-01
-2.058993790641137167e+01,-2.726735756512726994e+01,1.998098916235709055e+01,-3.396527864769293803e+00
-2.209200283478170590e+01,-3.057707898241024225e+01,2.004590057444274720e+01,-4.919808276158079252e+00
-2.090979771569303125e+01,-3.309536527575508558e+01,1.801035907679617054e+01,-3.452108559547237832e+00
-1.699548101145207468e+01,-3.321864119772292412e+01,1.266397034015642298e+01,8.023269612457557542e-01
-1.185473043572125462e+01,-3.024483685380598175e+01,4.290326357370222610e+00,5.655050358640304253e+00
-7.584510032283052539e+00,-2.515915468801732047e+01,-4.512750718534292105e+00,8.611436743387244519e+00
-5.420345994824161018e+00,-2.017079107770812385e+01,-9.896028154281529154e+00,8.743818973303156383e+00
-5.276696434020219151e+00,-1.731804114911520287e+01,-9.175730568409793619e+00,6.809473138787014435e+00
-6.334348781882837010e+00,-1.723603712475174987e+01,-2.701261447400410187e+00,4.111929399785855921e+00
-7.613406283174141365e+00,-1.889101183736414669e+01,6.356415221023413054e+00,1.815743272397909225e+00
-8.175913229940658056e+00,-2.027693728349087721e+01,1.405654068197326190e+01,8.810497797185107283e-01
-7.441560983088768566e+00,-1.958026843335247591e+01,1.794402307118673789e+01,1.688499169152751334e+00
-5.562399803051401470e+00,-1.623916012902960659e+01,1.797841403848126873e+01,3.616534337874764304e+00
-3.227226934765293542e+00,-1.133800963367836268e+01,1.576920785998126462e+01,5.593440828673996279e+00
-1.035502235291891449e+00,-6.965827174323750981e+00,1.291027630043043217e+01,7.115379038827640557e+00
6.700517284412025321e-01,-4.805388826184503692e+00,9.725042343845613502e+00,8.170039910355447077e+00
1.449194570939997373e+00,-4.961682005868459200e+00,5.410410890390712879e+00,8.256475923921176019e+00
8.451934814880339708e-01,-6.022102355794747730e+00,-5.257973037442633668e-01,6.429171885941376452e+00
-9.105668747900110827e-01,-6.338020098442338934e+00,-6.876416007414990261e+00,2.738535223046030698e+00
-2.745657042820138116e+00,-5.424763215112915482e+00,-1.096690155917633724e+01,-1.084941609059114409e+00
-3.745180980135602855e+00,-4.264495927415629772e+00,-1.067274655809308470e+01,-3.033066655706073256e+00
-4.061904061596597337e+00,-4.274146989393093676e+00,-6.427066848732728488e+00,-2.586776506069786485e+00
-4.426700435521071952e+00,-5.881803839898647190e+00,-1.089708249755335201e+00,-6.844868016911043185e-01
-4.942977205729179424e+00,-7.996739958754222499e+00,2.398412391364487917e+00,1.583399559358494191e+00
-4.851362163722042098e+00,-8.850020428420634744e+00,3.297582767036668638e+00,3.617496452349210578e+00
-3.501222696318589289e+00,-7.457011074963350694e+00,3.099299388900501828e+00,5.011548034121632078e+00
-1.190169486064271531e+00,-4.451239023432275843e+00,3.590864794791911230e+00,5.463603774540997549e+00
9.972255746901950157e-01,-1.663637737655501603e+00,5.169459383215038173e+00,5.067443041379167568e+00
1.883625569710692949e+00,-8.572577512959057566e-01,6.875705378152408898e+00,4.142590128576610908e+00
7.936388645707554979e-01,-2.542403734186066355e+00,7.479321754016218016e+00,2.727957694562670454e+00
-1.986542299534723055e+00,-5.597284407634002257e+00,6.191668553426098676e+00,7.657679414028386589e-01
-5.029060541556642505e+00,-7.892072482062855165e+00,2.772963784348206229e+00,-1.156040851693721283e+00
-6.394675877031220423e+00,-7.565349959786906275e+00,-2.167496692595179297e+00,-1.850610412507616376e+00
-4.952107892835899250e+00,-4.187619742435451542e+00,-6.628736661182650813e+00,-6.090281148666617517e-01
-1.233195990276849896e+00,9.516713566328810492e-01,-7.663290177212953580e+00,2.129376009049167351e+00
2.987604080923704775e+00,5.613563736081744082e+00,-3.495694854777814609e+00,5.304741216572432805e+00
5.832838559806205581e+00,7.876210936388559958e+00,4.255041486897717995e+00,7.947978206952583946e+00
6.227355211374953292e+00,7.130837296945379045e+00,1.085926751530587353e+01,9.241899858812903545e+00
4.383779496172633294e+00,4.385383350021756499e+00,1.177159681259130153e+01,8.680013278926050901e+00
1.890202965439803373e+00,1.759628182348388137e+00,6.214469949787702951e+00,6.823349515346021299e+00
8.910951497410938282e-01,1.215547435836535906e+00,-2.245726585032647549e+00,5.359297353766848460e+00
2.363692196089797637e+00,3.085006528928552871e+00,-8.566627919256427859e+00,5.480551563163451156e+00
5.037357461617522070e+00,5.594731261823210566e+00,-9.858992360936028376e+00,6.286809093217692990e+00
6.470037412446167480e+00,6.160601109789689112e+00,-6.856169857426417380e+00,5.587755036624798777e+00
5.386162847803824150e+00,3.559693008803504366e+00,-2.624620384521951788e+00,2.443085993385381904e+00
2.708941238368014481e+00,-1.015904016598889958e+00,-1.278961040888175471e-01,-1.643977198985738131e+00
2.992907101352889621e-01,-5.011017857344306492e+00,-5.655810456858917368e-01,-4.163449801069427636e+00
-8.625918542883663775e-01,-6.535964415668694016e+00,-3.196837179070674662e+00,-3.734478624523217327e+00
-1.049991737192072838e+00,-5.430590329172528818e+00,-6.136332621431822787e+00,-8.016396838522616974e-01
-8.044567835429354830e-01,-2.689282513571074951e+00,-7.377666024273725753e+00,3.086391038235229534e+00
-8.756620742752033171e-02,7.250078965309840751e-01,-5.715913792765548784e+00,6.351173317611661595e+00
1.540045245294550558e+00,4.367199918542536530e+00,-1.377143877504363623e+00,8.245423436148769269e+00
4.031643061579004872e+00,7.906281387513423020e+00,4.038700900798227522e+00,9.075063868105861076e+00
6.161137637890031549e+00,1.066189900168444105e+01,8.449673804113594144e+00,9.361919523880150251e+00
5.936606941678072680e+00,1.176877452468048268e+01,1.040830284292581887e+01,8.751668330709064136e+00
2.315716537608170533e+00,1.075954397361272008e+01,9.590912359238330964e+00,6.416825966447727403e+00
-3.159791278832585704e+00,7.856960863848473586e+00,6.546990756868557249e+00,2.922163832967926922e+00
-6.955946612060787793e+00,3.681996163524877907e+00,2.304906376459928463e+00,9.022396720292197303e-01
-6.526012004648150899e+00,-1.190808340117403885e+00,-1.824935076449665017e+00,2.854943634645368267e+00
-2.776145145020686655e+00,-6.299743673257156118e+00,-4.514774128635028028e+00,8.325767023559043523e+00
8.257192145314063980e-01,-1.106074712387575332e+01,-4.931213531857769894e+00,1.400623467299731928e+01
1.587990327183527395e+00,-1.472408509730559878e+01,-3.140738120326727500e+00,1.666558727195141643e+01
-2.595405691526779801e-01,-1.664384566002520316e+01,-6.882986824555042960e-03,1.549429379336830337e+01
-2.470626407241063305e+00,-1.647012614949670350e+01,3.361631957751700650e+00,1.183505834453093897e+01
-3.033125633529745624e+00,-1.409380838511976997e+01,6.225217400750832297e+00,7.644850100039854546e+00
-1.370386323246690408e+00,-9.702759200162383024e+00,8.475262781562708625e+00,4.499404713630738684e+00
1.813456268158917695e+00,-4.106094175844842376e+00,1.025837970756710149e+01,3.122525791599488176e+00
5.096239626243568743e+00,1.218577229438913889e+00,1.115227814157157482e+01,3.029907580251089971e+00
7.010406459529710865e+00,4.830033665516150876e+00,9.801680764640918753e+00,2.908661930731732959e+00
6.900692533401538320e+00,6.257302762185624090e+00,4.906619324955553196e+00,1.922977736411500604e+00
5.345198484673295170e+00,6.123589619146435403e+00,-2.916713404095596207e+00,5.292054812071784742e-01
3.524015027002774136e+00,5.265393897090954844e+00,-1.036772090152076409e+01,-2.950829236844264014e-01
2.159515339769791709e+00,3.840860953159880076e+00,-1.328674787513603484e+01,-2.946245650064361898e-01
1.166901891152550830e+00,1.434215629976430817e+00,-1.005563720312237486e+01,1.585624938180726917e-02
6.977026284977655424e-02,-2.020392711287549936e+00,-3.517922520923836949e+00,1.868212587797788427e-01
-1.605923074985539767e+00,-5.620569129116905316e+00,7.482772541785989162e-01,9.652222377865563030e-02
-4.124374348965406334e+00,-7.924025653555177406e+00,-1.267635263229213827e+00,-3.983925885505089637e-01
-7.110583619408677336e+00,-7.941958065521534493e+00,-8.659996235527648523e+00,-1.300931418823054742e+00
-9.235825059069977527e+00,-5.624692447236023796e+00,-1.602915007733599140e+01,-1.896829540929535929e+00
-8.927160139945648609e+00,-1.511459743684607560e+00,-1.736036859200829241e+01,-1.080052977398273217e+00
-5.858487204141582083e+00,3.687361576468850544e+00,-1.036536690204421163e+01,1.370782941194674809e+00
-1.601724585350953856e+00,8.871954430098838884e+00,1.848711029636779246e+00,4.256636255866837359e+00
1.488890469940295169e+00,1.220414416867729734e+01,1.282008822165450468e+01,6.010177042560592042e+00
2.095066806934142711e+00,1.174142499423053110e+01,1.698748504715029384e+01,6.021096112100339681e+00
7.879239464212186572e-01,7.044375724376387815e+00,1.329867881581722067e+01,4.820804453004113199e+00
-5.157684426843356373e-01,1.932693488699823436e-01,5.752749507469245849e+00,3.460097171931231230e+00
1.726651209351419969e-01,-5.170964545429387549e+00,4.464463950614795951e-01,2.987678893289247739e+00
3.615884841525706328e+00,-6.230994070064114432e+00,1.137928356810783415e+00,3.958478688581017479e+00
8.663222272758028808e+00,-2.802626981716409560e+00,6.563610105820288254e+00,5.807146953742964968e+00
1.286779438212635540e+01,2.836241282486505977e+00,1.158077566171519557e+01,6.968016973327566532e+00
1.428434602380989027e+01,7.734056414524911105e+00,1.127883094283097698e+01,6.288735643009655263e+00
1.295065005582209317e+01,1.015169120099721667e+01,4.807437400089091817e+00,4.348320675470660923e+00
1.061880202450395672e+01,1.019531614679397258e+01,-4.097431845762721458e+00,2.944068299770022712e+00
9.173994660490485842e+00,8.924149556998948185e+00,-1.016307131363349292e+01,3.328488809382916802e+00
9.442795161483640953e+00,6.885970319880782675e+00,-1.056839998197570551e+01,5.338490302866158110e+00
1.114191936386145798e+01,3.539412977296034324e+00,-6.642779578241849059e+00,8.009724504252385913e+00
1.327526142425249844e+01,-1.767142832256315854e+00,-2.150416609921174338e+00,1.030916277552278260e+01
1.447485480818029480e+01,-8.159836465895734747e+00,1.269577951843767760e-01,1.128617403314748913e+01
1.367001671525439654e+01,-1.271157898131712827e+01,5.791918735024277343e-01,1.045349216041028484e+01
1.101782923980169926e+01,-1.196423997607218404e+01,1.960364452249858669e+00,8.507887857066718240e+00
7.958146798058753468e+00,-4.577120185373622974e+00,6.320368395916477589e+00,7.023222732155253389e+00
5.887586559130447483e+00,7.048815636726281753e+00,1.241748431067162706e+01,6.806558942806156587e+00
4.847746908744586136e+00,1.774647798424961920e+01,1.619219615057821215e+01,6.954422434980696899e+00
3.830027184687422537e+00,2.270511670072007959e+01,1.423611181027900585e+01,6.111195318994268710e+00
2.198426809150096695e+00,2.046058147539731564e+01,7.148093217962345314e+00,4.299169504847532686e+00
3.603975584618183126e-01,1.350867167168792982e+01,-5.750232489630038302e-01,2.805737687734584540e+00
-8.979950595714777384e-01,6.242174861471311509e+00,-4.210863038043648032e+00,2.468200172524558145e+00
-1.207356516056478313e+00,1.982357586912344871e+00,-2.625309786857588090e+00,2.856295790097711507e+00
-6.069335353953937418e-01,1.272391510163288775e+00,1.246208032966237056e+00,3.189421364679922100e+00
8.130779539615619056e-01,2.312297210384366863e+00,3.389907213677624487e+00,3.327058368249660614e+00
2.949288059734492595e+00,2.819529156592840646e+00,2.179724136755064379e+00,3.578982078474016948e+00
5.509995251762440205e+00,1.828313504573889636e+00,-7.143528747970672166e-01,4.036089249427324610e+00
7.922009804613759698e+00,2.169366500757449467e-01,-2.411578954784230788e+00,4.365678561893769682e+00
9.308638137353765885e+00,-2.483440566312281050e-01,-1.731581607926943045e+00,3.954701649915444595e+00
8.716437871870455822e+00,1.519532002380708846e+00,-2.384139752809742718e-01,2.208682736607641139e+00
5.884997760208739770e+00,5.004087801225774790e+00,-4.943343901503416404e-01,-7.486438913805844031e-01
1.978020276888231344e+00,8.439924842124417736e+00,-3.195401418224005141e+00,-3.487013848443733632e+00
-9.448327680956964958e-01,1.005468544426846833e+01,-6.050553911566289855e+00,-4.047302715563821707e+00
-1.666738603558312937e+00,9.228248137732514067e+00,-5.727755057814093220e+00,-1.876130590579050850e+00
-8.804138094009944515e-01,6.771420724911271449e+00,-1.133602333749680113e+00,1.346578567297190165e+00
-1.961148538407806452e-01,4.196280644904128998e+00,5.201652526611849403e+00,3.346454093930258278e+00
-2.483105236005900829e-01,2.591401858143843384e+00,9.062750569165132219e+00,3.564763547921802722e+00
-1.640750266055444051e-01,2.012776071628679109e+00,7.981243481659143768e+00,3.460615054304425620e+00
1.166695262554052093e+00,1.803489679856812966e+00,3.054208283900818888e+00,4.767099700588651068e+00
3.671604593800191552e+00,1.352122172813674084e+00,-2.149277081046992333e+00,7.872084666009818932e+00
5.929607277947340549e+00,4.630497073249092432e-01,-4.237285651115526797e+00,1.155453033799590834e+01
6.085835905181594896e+00,-8.714884912475743262e-01,-1.972672233784307227e+00,1.359293538413386671e+01
3.040806839706829745e+00,-2.728490586927508232e+00,3.481876092910108689e+00,1.188061939455372951e+01
-2.628022536083816085e+00,-5.013725126216263206e+00,9.577717382103918098e+00,6.089734940467451452e+00
-8.599494910767335298e+00,-6.980258936763314992e+00,1.364182281107772354e+01,-1.267880824414163055e+00
-1.209367089682359087e+01,-7.267473617117215845e+00,1.380389017827640252e+01,-6.177852920132905545e+00
-1.181106633974694731e+01,-4.753025125152677610e+00,9.568320098735043189e+00,-6.321671543573503804e+00
-8.744766245394860249e+00,4.450110806828913024e-01,2.100766161772902318e+00,-2.925170634750289711e+00
-5.051319287472033182e+00,6.776489996746875910e+00,-5.972039937555651434e+00,7.336887833871976738e-01
-2.281059904739207500e+00,1.206342682451075454e+01,-1.152185079331236395e+01,2.300862323686223121e+00
-6.913679968866176528e-01,1.453866398362845125e+01,-1.243732215504862459e+01,1.703429218532290568e+00
2.717352950936813838e-01,1.335370017415723431e+01,-8.821650103115413089e+00,3.140189163941856654e-01
1.346919792836471119e+00,8.596973327768157702e+00,-2.903705742193900985e+00,-4.724144243871827853e-01
3.040415296418360391e+00,1.316031252206433022e+00,2.416769539219968621e+00,-2.052071683642746613e-01
5.137048512784553544e+00,-6.415588337646835448e+00,5.321232255581177739e+00,1.875550270988136647e-01
6.511272743411526065e+00,-1.190118056748742426e+01,5.831592897725099256e+00,-1.046628901756869512e+00
5.962777612558237017e+00,-1.292714820517230834e+01,5.234726048072663396e+00,-4.685996901669789771e+00
3.556449178916976539e+00,-8.972032371628039016e+00,4.922565374553000694e+00,-9.059093276019250851e+00
8.752644550732160411e-01,-1.592108960863605427e+00,5.599217822526182609e+00,-1.100051442405436752e+01
-3.053290132040466509e-01,6.361989849428742794e+00,7.151750054974413295e+00,-8.696148605713165836e+00
4.929215735508490348e-01,1.219122228562682331e+01,8.812125590140585274e+00,-3.352290398056210208e+00
2.251380863738512428e+00,1.456893889420323696e+01,9.273990525061771351e+00,2.008392403080258237e+00
3.397155863920295893e+00,1.387459109297390647e+01,7.044608242017974753e+00,4.978776038070441778e+00
2.876008560941160308e+00,1.153735122929486678e+01,1.521402558748215617e+00,5.046911864269827852e+00
8.059472515302309459e-01,8.890463158927273568e+00,-5.641101350376623635e+00,3.391833159322045876e+00
-1.481637003731629099e+00,6.382277018476162134e+00,-1.047226786470010929e+01,2.089851930021066728e+00
-2.279618006443375311e+00,3.727412532659355460e+00,-9.041742289822369827e+00,3.007839382845121090e+00
-8.891328402103757522e-01,7.408227491515444463e-01,-8.987230337024343374e-01,6.556582738887259509e+00
1.758190410616113919e+00,-2.077791953374820810e+00,9.646904912848322411e+00,1.138240438254836917e+01
4.078003172338918070e+00,-3.855680583995329425e+00,1.632544950301495490e+01,1.562434345257770651e+01
5.357908464307445939e+00,-4.191901235583784135e+00,1.583383164187768166e+01,1.836590621459534134e+01
6.052717137426427030e+00,-3.580926174299325915e+00,1.043403620535161735e+01,1.955750808779045968e+01
6.728061809843961072e+00,-2.938385777247249031e+00,5.663272683427512000e+00,1.897839963133918673e+01
7.213338281277134278e+00,-2.700781495013407696e+00,5.265186469936444347e+00,1.619201240926676633e+01
6.903482198575532358e+00,-2.370917936365054768e+00,8.105858849833165181e+00,1.160740411729480925e+01
5.478465317159023407e+00,-9.384588838879489581e-01,9.772221873161722527e+00,6.751129322382513287e+00
3.138584407824898115e+00,2.152387599417744379e+00,7.052115620885964553e+00,3.064553081057012740e+00
5.231890313370777257e-01,6.242281748541184783e+00,1.053991906923979149e+00,9.091148995273387046e-01
-1.314837483464741386e+00,9.520269745844522902e+00,-3.700773348350333780e+00,2.153885556215116848e-02
-1.237880246835806997e+00,1.000077168649818837e+01,-3.192954705724840192e+00,3.138050259319605795e-01
1.110680725602594343e+00,6.892098379590013479e+00,2.640485268465793123e+00,1.687790876476531698e+00
4.719984872936900722e+00,1.442819860399332521e+00,9.741599146959954325e+00,3.551171136131015871e+00
7.762813250203679516e+00,-3.504166964676920681e+00,1.300210537297020963e+01,5.236421015750061692e+00
8.803684856007009785e+00,-5.206952870263127586e+00,9.963194903684904347e+00,6.715633792981765104e+00
7.501810346603797974e+00,-2.883109102105602783e+00,2.329087019073065257e+00,8.296976864403937668e+00
4.563369162967619630e+00,1.703929648789736628e+00,-5.549789384553674765e+00,9.747214246366173285e+00
1.472879753373616873e+00,5.480953908442073086e+00,-9.759437514125242075e+00,1.033835687388593705e+01
-1.785854256285774808e-02,6.179785249986984752e+00,-9.102748989384346956e+00,9.732884388536048093e+00
9.852265437327297759e-01,3.659075215797681579e+00,-5.157525901721285777e+00,8.220928487848112809e+00
3.498120087593138194e+00,-4.759752645844397279e-01,-5.830043381697926907e-01,6.073962021224420305e+00
5.207992524150061087e+00,-4.362433829355374826e+00,2.627312960920921370e+00,3.356459294945544958e+00
4.548994723751240699e+00,-7.070394291288063293e+00,3.724965120329950086e+00,5.769398630277574602e-01
2.199346502223958666e+00,-8.603440537802370613e+00,2.873878773481146620e+00,-1.153172335101791735e+00
3.438733775404178017e-01,-9.028887210512436923e+00,8.501698040505983878e-01,-1.090236260269759061e+00
5.927245212781904193e-01,-7.831627764676731829e+00,-1.007866792701102687e+00,3.398922795757828852e-01
2.739219148908977886e+00,-4.273691261752063930e+00,-1.212808102860529313e+00,2.021727038000250776e+00
5.246770615146444605e+00,1.537839404323392722e+00,8.353045788489095180e-01,3.106990506974278698e+00
6.607290813180614286e+00,7.997478259158423697e+00,3.972193062794421969e+00,3.266016096851256378e+00
6.421831953570898754e+00,1.262053223472509877e+01,5.635327295691221927e+00,2.523112399439940923e+00
5.614567818349724959e+00,1.362778878152322015e+01,3.594653729924395247e+00,1.399384280159299720e+00
5.614424934348261509e+00,1.122260779936772401e+01,-2.157687185492471738e+00,8.835617683210741369e-01
6.971291151531431751e+00,7.442480539132837691e+00,-8.949269434419948155e+00,1.579407173430761757e+00
8.680436567165616069e+00,4.602758505475127215e+00,-1.296267080949180084e+01,2.919829910725922240e+00
9.099332102023327096e+00,3.498649948447163816e+00,-1.171732759373925781e+01,3.727473202389024465e+00
7.563881156859364907e+00,2.801165951074055638e+00,-5.676021972775726177e+00,3.510181333449540197e+00
4.902472590457703561e+00,2.552419782761410350e-01,2.114131383206963477e+00,2.746469543415333892e+00
2.449093999453644699e+00,-5.120906973509585569e+00,7.913629980482260073e+00,2.027046784270914781e+00
9.290221686657597067e-01,-1.161220155748364569e+01,9.339324594198572527e+00,1.569384587088673566e+00
3.212494574352864896e-01,-1.554927558942558896e+01,6.437087369714920904e+00,1.592115409930262349e+00
3.146672901115531440e-01,-1.390457929655808123e+01,1.446982097487112373e+00,2.369442086216604793e+00
6.163471065371317614e-01,-6.747133677812638730e+00,-2.517237209474987747e+00,3.567058299930219167e+00
1.116553285674770191e+00,2.528973633497030082e+00,-3.315758170216282608e+00,4.191164140387914294e+00
2.018742525816089373e+00,9.534921558801716657e+00,-1.181172185017043574e+00,3.754311159789671226e+00
3.526174680989033750e+00,1.193674844702850102e+01,1.374097879329591709e+00,3.070428382262328615e+00
5.099202340244270992e+00,1.070528228508748825e+01,1.311383471826098157e+00,3.338130109105787557e+00
5.369961479744880251e+00,8.598820846656130001e+00,-2.641173794595136126e+00,4.743674779174012812e+00
3.406386516634366313e+00,7.391284027013908187e+00,-8.779986571697540043e+00,6.513954437265082831e+00
8.636535937746719904e-02,6.417707142503719986e+00,-1.323831606885654821e+01,8.032106183620054907e+00
-2.313006500526179288e+00,3.625395300011463817e+00,-1.246990223810268894e+01,9.162137128703500721e+00
-2.199987318596260621e+00,-2.048111928237048573e+00,-5.859090190358438477e+00,9.578360415446150355e+00
-2.021747171003646648e-01,-9.211266107235264400e+00,3.516540806933563967e+00,8.624051411002294998e+00
1.449276042653381502e+00,-1.471951663489751994e+01,1.086870409734703991e+01,6.130146818564742972e+00
8.998202367414824820e-01,-1.587956171917628367e+01,1.306774804244437505e+01,2.836705903611699053e+00
-1.874624305634563504e+00,-1.229479328131074034e+01,1.063394706206666029e+01,-2.815106589635875678e-01
-5.127184823490110510e+00,-5.906873110707765662e+00,6.754533401586449770e+00,-2.724064802444903677e+00
-6.675995029888373899e+00,5.675183096282652162e-01,4.453126938035405047e+00,-4.398867637100541295e+00
-5.648275297607364465e+00,5.275625059230476310e+00,4.477121474537052670e+00,-5.450066065351688138e+00
-3.351097614046834927e+00,7.700657166141400722e+00,5.362326822980432617e+00,-6.434777421185468249e+00
-2.231675885989496955e+00,8.116993625964321168e+00,5.061117136195139921e+00,-8.011567254848001696e+00
-3.578126163906774071e+00,6.955809431271053889e+00,2.596112530687972875e+00,-9.885982222574721590e+00
-6.297492726091621584e+00,4.540624466870315956e+00,-1.287636838320432853e+00,-1.056895291713074059e+01
-8.200971831998788986e+00,1.020859530273072968e+00,-4.628518740406359022e+00,-8.949056264339080968e+00
-8.298241040886336961e+00,-3.565859199165265281e+00,-5.506940697137267193e+00,-5.902467244744564745e+00
-7.454231660722570041e+00,-8.898192911603437949e+00,-3.324717070017134457e+00,-3.601793421772309323e+00
-6.977228659190126692e+00,-1.382381967793076427e+01,7.015510346070839010e-01,-3.199129854178549337e+00
-7.148692136144050302e+00,-1.644831953920287759e+01,4.229516141859694933e+00,-3.739487504147164909e+00
-7.224866266198013420e+00,-1.530985746080519583e+01,5.276527555672530845e+00,-3.330341648654951747e+00
-6.349043526260341075e+00,-1.077403637637785572e+01,3.480538861242779003e+00,-7.976905043021275121e-01
-4.219476510547456982e+00,-5.076136277793274587e+00,1.514524441798704157e-01,3.716159571014757912e+00
-1.314644214434494529e+00,-6.168419623338056157e-01,-2.967663746848742345e+00,8.840638156758602761e+00
1.162741098260962502e+00,1.882894565020876376e+00,-5.085312961848513780e+00,1.225573895071692654e+01
1.890296536882607681e+00,3.421456516416829352e+00,-6.488505180508948200e+00,1.173414919960646685e+01
4.652048742780451884e-01,4.985480627695538125e+00,-7.353120393840693048e+00,6.855554275035983913e+00
-2.188938657399752241e+00,6.085563385856356255e+00,-6.797026140696130092e+00,-3.442368899790466674e-01
-4.691094009976437107e+00,5.224836553373125803e+00,-3.583771072965873827e+00,-6.851375399657362308e+00
-6.353215711875622063e+00,1.743952423201340141e+00,2.072778098336812924e+00,-1.075589990033320476e+01
-7.276128979655631213e+00,-3.013955831513413397e+00,7.656616038991331585e+00,-1.184577832561564747e+01
-7.628483303286920147e+00,-6.549157972095436264e+00,9.750599286232034757e+00,-1.085704527165653310e+01
-7.353339577806355720e+00,-7.337529172165830893e+00,6.739968436721985867e+00,-8.899759813472291725e+00
-6.545466505461031481e+00,-6.184564677372733854e+00,4.193117356362948134e-01,-7.305569472276345344e+00
-5.623661657580782069e+00,-5.393962706116616879e+00,-5.150410865578651354e+00,-7.035846328582228359e+00
-4.983857316650174063e+00,-6.440243481278209892e+00,-6.851675991392503384e+00,-7.889500566383707003e+00
-4.803039412278647724e+00,-8.382672377464514213e+00,-5.119708838015610830e+00,-8.747681524351175852e+00
-5.266277935877103467e+00,-8.651186820595846427e+00,-3.500003860532738820e+00,-8.797148184959999284e+00
-6.565008027932674572e+00,-5.554688764066603390e+00,-5.285378380767813411e+00,-8.154184251866192668e+00
-8.373694934308161919e+00,-1.377934629553166368e-01,-1.016093048533839038e+01,-7.229921145182816922e+00
-9.601337920834865258e+00,4.424234109233204038e+00,-1.402451487829616461e+01,-6.037767183482046995e+00
-9.089112378909876000e+00,5.386560535084411683e+00,-1.237099138305188539e+01,-4.430023129121696712e+00
-6.644953532115850159e+00,2.620885698631729710e+00,-4.390372246136079681e+00,-2.602709459997554209e+00
-3.313415185286067377e+00,-1.494321746611929624e+00,5.803700561566168759e+00,-9.969444360391974680e-01
-6.816473452328457583e-01,-4.199062035729063780e+00,1.206918552714989801e+01,4.147931664657045214e-02
1.210592128292903580e-01,-4.432674599878341226e+00,1.107935074034956635e+01,2.533936452078734414e-01
-8.626894346985027884e-01,-3.160833589520021913e+00,5.118435493686101623e+00,-5.156611832078621394e-01
-2.333195614693985398e+00,-2.101960391822387031e+00,2.509923270701932552e-01,-1.914173380048668438e+00
-2.557397303539655109e+00,-2.293109175322034066e+00,1.145922323229118023e+00,-3.036137643680071552e+00
-7.789310231626114245e-01,-3.592856417652460443e+00,6.935814110963501200e+00,-3.259319445813274374e+00
2.064088137778910426e+00,-5.113233956467554187e+00,1.182471486620380929e+01,-2.884257153102645077e+00
4.282697644469405596e+00,-5.947869742396991732e+00,1.009152643022392404e+01,-2.386677772844496559e+00
5.164335639485585716e+00,-5.645010963347638189e+00,1.279686780640680421e+00,-1.250292849799151673e+00
5.546055762872276418e+00,-4.240766061367792439e+00,-8.932012458764242879e+00,1.659142395467365860e+00
6.673022677469986341e+00,-2.032933670380373314e+00,-1.318025904623734945e+01,6.369499288124444547e+00
8.796693441099566968e+00,5.637376641613858208e-01,-8.659302858669715164e+00,1.104993417292209479e+01
1.097364543105632073e+01,2.973673799206093982e+00,2.409680527604912414e-01,1.333868757861536913e+01
1.193703026137118073e+01,4.488486235184563355e+00,5.551483498268480865e+00,1.223239993444072660e+01
1.108332042902455328e+01,4.563242246746021635e+00,2.753804487761700059e+00,8.776699451830557663e+00
9.017009432425656001e+00,3.127293290997176900e+00,-5.013111704225493348e+00,5.499823059566297800e+00
7.365890042816448435e+00,5.412696403512115007e-01,-9.562592267674988378e+00,5.140391909687194172e+00
7.607974181381354839e+00,-2.704361739785327234e+00,-4.913500792591676714e+00,8.788967347121552365e+00
9.520593187501752652e+00,-6.104008595999075304e+00,7.275747455655446672e+00,1.435842240538221581e+01
1.091216774071533990e+01,-8.945169087798237939e+00,1.884766088650123450e+01,1.742681072811062037e+01
9.444291175801520666e+00,-1.023870143993596393e+01,2.166238514589667830e+01,1.480424051339352509e+01
4.927484140063760343e+00,-9.145811391369733201e+00,1.376605286949042295e+01,7.642030367566045257e+00
-3.346327110978113972e-01,-5.612037778306060432e+00,2.803560215285160750e-01,6.203168426259910717e-01
-3.421562603879425346e+00,-5.330966054003604127e-01,-1.106404668928125190e+01,-2.021672546599824205e+00
-2.863881384396289143e+00,4.735092161797299859e+00,-1.553081611291828068e+01,5.128515904650917667e-01
7.549095358219580776e-01,8.950406026985298524e+00,-1.365173188447838015e+01,5.933897664502752356e+00
5.463918431948025400e+00,1.107509583226780947e+01,-9.102659939360162156e+00,1.111727407675403967e+01
8.978231587247032408e+00,1.009447365149541476e+01,-4.803636770407675449e+00,1.388139485151001828e+01
9.830856706176556159e+00,5.276116375520299329e+00,-7.920406179749857056e-01,1.369869450482134177e+01
8.209237663349817637e+00,-2.908557288836931765e+00,4.699587079157041103e+00,1.168204674694240630e+01
5.786450632925943083e+00,-1.197730791987382304e+01,1.244065217603982276e+01,9.766603055073765915e+00
4.512271088572409106e+00,-1.791943971722746554e+01,2.039062836651841337e+01,9.368942678211061192e+00
5.471353076601435106e+00,-1.729539922278921082e+01,2.448298935644093532e+01,1.071378678294711406e+01
8.655763110887599865e+00,-9.704029045398080200e+00,2.138674877407971309e+01,1.331104786017073494e+01
1.317382273846676455e+01,1.462009762858075046e+00,1.110443060139116334e+01,1.642471341923593187e+01
1.727471970950795921e+01,1.098830552080212009e+01,-2.547939947735579302e+00,1.872567467095684890e+01
1.873915717501270706e+01,1.522266794289822123e+01,-1.394931893898482578e+01,1.829584622171364572e+01
1.623780237972567875e+01,1.412811556690729731e+01,-1.878524454185772896e+01,1.409886501044449147e+01
1.060363589550015817e+01,1.032321184803414482e+01,-1.618547018342823307e+01,7.492906400443795079e+00
4.340533633428483640e+00,6.157068822841436528e+00,-8.614296073723108904e+00,1.513283330080745559e+00
-3.747749412352214815e-01,1.677340975224549169e+00,1.022646072322435096e-01,-1.619120329645350909e+00
-3.056678627716568730e+00,-4.567970713218989509e+00,6.988045179170470078e+00,-1.966156099833220816e+00
-4.441980790391903966e+00,-1.279943540352621767e+01,1.088045312580834789e+01,-1.053349589745068871e+00
-5.282209424753349758e+00,-2.028217678593138373e+01,1.197065321462762277e+01,-3.254269874459462253e-01
-5.853812383634728889e+00,-2.266945344627482939e+01,1.091780897120100668e+01,-4.457320538500105789e-01
-6.115681778415054559e+00,-1.743246175570342160e+01,8.454980306552476677e+00,-1.155963203171379572e+00
-5.778495546484344381e+00,-6.250701440092070627e+00,5.426670604899485717e+00,-1.237028418581743727e+00
-4.413574230462767645e+00,5.800049799809507078e+00,2.660026003840413544e+00,7.446180315122981064e-01
-2.030606319952755534e+00,1.347600012303483652e+01,5.445486306910417573e-01,4.819551790496387156e+00
4.392463660098473999e-01,1.435628553355732073e+01,-1.139933701939890742e+00,8.912250495394690830e+00
1.674286950461380208e+00,9.634715402882621405e+00,-2.735064234236863179e+00,1.040993336173320749e+01
1.167769672811373782e+00,2.724855738221397150e+00,-3.947905287511663364e+00,8.513874647538763440e+00
-2.514108962727353846e-01,-2.983057953081617253e+00,-3.697924018304596494e+00,4.770208683780603032e+00
-1.145664498298906819e+00,-5.794411910166997082e+00,-9.265229481223576924e-01,1.493361031977534115e+00
-6.193599876028358375e-01,-6.054712011021354812e+00,4.294673699464789607e+00,5.698532626259440736e-02
1.088095551169357522e+00,-5.266648502084005479e+00,1.042685403989905524e+01,3.782922081340732712e-01
2.809823881260666845e+00,-4.767734572600426546e+00,1.526669457121510476e+01,1.276583257288654405e+00
3.296063611857940057e+00,-4.903797807634700412e+00,1.718018073744199015e+01,1.288647742723983303e+00
2.296273937907303164e+00,-5.133502687524367225e+00,1.572172091881842704e+01,-1.280177897356673256e-01
9.387791086747935276e-01,-4.778976432167682198e+00,1.129227148593456320e+01,-1.902803296788259768e+00
6.488764890390226192e-01,-3.750708276195705793e+00,4.489602505354846507e+00,-2.366247823220925195e+00
1.480626236310921939e+00,-2.683176885818313817e+00,-3.921385403729979569e+00,-1.187745593254968091e+00
1.899243345737965605e+00,-2.373554771517863315e+00,-1.230732379520789799e+01,2.483603180832296975e-01
5.614245080846287372e-01,-2.983418368425255984e+00,-1.775636362436669557e+01,7.161263200246771321e-01
-1.950283343273138126e+00,-3.746970630717096462e+00,-1.708827449317016089e+01,7.813877864711380461e-01
-3.566529721368336237e+00,-3.553144742005797330e+00,-9.054661194909593647e+00,1.949294360358247546e+00
-2.812973771888000130e+00,-1.945483155969471856e+00,4.049296230927883045e+00,4.525800254745446338e+00
-2.044710635554906342e-01,3.728139072742876481e-01,1.706495500343280014e+01,6.970428468726444393e+00
2.245524561287679077e+00,2.009896093412449236e+00,2.473630202786227628e+01,7.263489242546328661e+00
2.576281050345627488e+00,1.928530926581594640e+00,2.451593213748049749e+01,4.476367840723427527e+00
1.928136505888174423e-01,1.950076248544092838e-01,1.751020179304505575e+01,-7.129636941182903032e-01
-3.733492632037454850e+00,-2.111847454717886041e+00,7.431602135040669133e+00,-6.337245946284356890e+00
-7.041984227604530133e+00,-3.656161501167951577e+00,-1.257938239176359163e+00,-1.006877015419853016e+01
-8.273227026628154235e+00,-3.625562019477141185e+00,-5.043930736414098170e+00,-1.076217761003294804e+01
-7.964828868438928566e+00,-2.051039005056944475e+00,-2.644655590575392345e+00,-9.539537265850540848e+00
-8.101434451527580904e+00,3.153937219956748361e-01,4.400923501701508478e+00,-8.872887128663574430e+00
-1.003320691806494303e+01,2.317153332753340234e+00,1.247209250745011744e+01,-1.013014683704065710e+01
-1.298646620185669320e+01,2.859898132686994110e+00,1.796058321976728323e+01,-1.218918337154229548e+01
-1.470437868919835545e+01,1.571848785952307148e+00,1.940652412140284966e+01,-1.267182104037972046e+01
-1.347415412286330216e+01,-6.716304918448925410e-01,1.800064984613030816e+01,-1.035564936556771798e+01
-9.642121778555344136e+00,-1.965550630771219165e+00,1.616690678859282926e+01,-6.381040243121608668e+00
-5.594054908659236602e+00,-4.624898622751018040e-01,1.560794678992390416e+01,-3.618640838348969435e+00
-4.441988289881736662e+00,4.427554072453840028e+00,1.635774267374321056e+01,-5.069995794939841538e+00
-8.166376133169535478e+00,1.172068114208267708e+01,1.720897881122500905e+01,-1.213373275364197745e+01
-1.622228187414071954e+01,1.962636974584109240e+01,1.686554724094041902e+01,-2.349768038004864934e+01
-2.573598853887828852e+01,2.661233041630811158e+01,1.500705726242961546e+01,-3.570814868352354665e+01
-3.347253897896325014e+01,3.188729431097228328e+01,1.266406182971390848e+01,-4.550196901170160402e+01
-3.805432263546600780e+01,3.522997100345001797e+01,1.156866282133847967e+01,-5.200144886464752148e+01
-4.052326799910375144e+01,3.676640358649552809e+01,1.273787707971192162e+01,-5.671618726490846996e+01
-4.304014987845482665e+01,3.708073372113156552e+01,1.532271234642840696e+01,-6.171973384068241586e+01
-4.720062706363383853e+01,3.734706418249574966e+01,1.681138396889386755e+01,-6.812867502287005550e+01
-5.317034478139097331e+01,3.895869088706363925e+01,1.460892465566589848e+01,-7.583910016946141752e+01
-5.963772433759687175e+01,4.268788399470717110e+01,7.817567518166933738e+00,-8.369672664719756483e+01
-6.437399103887327101e+01,4.804007148239137592e+01,-2.033749270600048398e+00,-8.968637487655843188e+01
-6.551354562940123571e+01,5.342046865117311683e+01,-1.162066025412310921e+01,-9.185897713044826673e+01
-6.300617404689960210e+01,5.705891342357610796e+01,-1.733603249356390563e+01,-8.985966762609847081e+01
-5.881368430090132193e+01,5.800190953906466262e+01,-1.708673797811076511e+01,-8.537270860142231754e+01
-5.532784657654125482e+01,5.644427906152388630e+01,-1.171629423037724038e+01,-8.067765156372266233e+01
-5.352208004450434942e+01,5.327477984303475012e+01,-5.085174842058894029e+00,-7.691845007416769420e+01
-5.265092720299389129e+01,4.940877631023074201e+01,-2.140791837946581566e+00,-7.386424470703146028e+01
-5.136127894439270847e+01,4.556003404304308191e+01,-5.787391790513783718e+00,-7.068772859218927351e+01
-4.866901424812535737e+01,4.246197997850252648e+01,-1.478033381318918771e+01,-6.632794470907984419e+01
-4.409092724258273677e+01,4.093459527243395257e+01,-2.442116573673367341e+01,-5.955842256979670424e+01
-3.753839855934637626e+01,4.135233341276994423e+01,-2.965305070492599526e+01,-4.975707253344226189e+01
-2.942636301904529361e+01,4.285958415370964758e+01,-2.830700844768509583e+01,-3.787193894320260767e+01
-2.067190400095173430e+01,4.324306925512637179e+01,-2.228014830356472942e+01,-2.607421107000203975e+01
-1.239596944606057427e+01,4.001334962702719622e+01,-1.601005571238345127e+01,-1.624621003690011278e+01
-5.647254389634566607e+00,3.214508847548299286e+01,-1.344178390515659594e+01,-9.103356180462069958e+00
-1.167866658980632355e+00,2.109030454936216614e+01,-1.565447300045197565e+01,-4.551667787779311247e+00
1.157483033863645927e+00,1.007317272203906455e+01,-2.079515535012210492e+01,-1.972173428898334580e+00
2.808755520498883218e+00,2.108422655166628967e+00,-2.612358658472269113e+01,1.207901982196877277e-01
6.005597740823722219e+00,-1.701984456645502464e+00,-3.017775861606490295e+01,3.686864063348636922e+00
1.192367103246756344e+01,-2.370730481048272331e+00,-3.308289576871509752e+01,9.426794353066158649e+00
1.952284560395977309e+01,-1.886750083888862450e+00,-3.502887229832849414e+01,1.567341077401497174e+01
2.643370102708311720e+01,-1.899660736525707883e+00,-3.490122419427977007e+01,1.976692523933134282e+01
3.092853736233696793e+01,-3.163041278747145579e+00,-3.082977289162416312e+01,2.057679795782062016e+01
3.281985657470185913e+01,-5.723949093235132679e+00,-2.227869536716616494e+01,1.928312805975652822e+01
3.276491850197167111e+01,-9.238169019024873307e+00,-1.156769341526393369e+01,1.790693895957546644e+01
3.135416702253473886e+01,-1.300368494602346736e+01,-3.085024297225960055e+00,1.767505738528027592e+01
2.899145996636060829e+01,-1.591924823424307611e+01,-4.404178584061754775e-01,1.867475960628251741e+01
2.612136842951219151e+01,-1.681418129369881242e+01,-3.665902194160731487e+00,2.028302633814747935e+01
2.318092803556844927e+01,-1.517658604072925144e+01,-8.841547435274886624e+00,2.164845856513925426e+01
2.044658860003789513e+01,-1.175427496736413424e+01,-1.080685942901433627e+01,2.226720085419186645e+01
1.801422696598186945e+01,-8.467199435148311082e+00,-7.041345397628485436e+00,2.235390992031829072e+01
1.569144354810071995e+01,-7.544494882407286163e+00,3.896481336112105343e-01,2.228070921791110592e+01
1.288332858317175855e+01,-1.031264086602405428e+01,6.393873685792136108e+00,2.157744720996432619e+01
9.074202338085807895e+00,-1.631440822128156753e+01,6.549647276441203481e+00,1.912702880903424685e+01
4.793216405716266060e+00,-2.334244015457173305e+01,-9.616116542966610115e-03,1.473807290135201420e+01
1.812518517837363285e+00,-2.847547683069579350e+01,-1.043698931272760611e+01,1.003878274240855184e+01
1.921699831223471655e+00,-2.955181414154192154e+01,-2.028751915188312438e+01,7.330845398168762905e+00
5.488007196792617393e+00,-2.624849958238319303e+01,-2.598258478629988133e+01,7.826917871369762914e+00
1.133372578147326948e+01,-2.024000780225100016e+01,-2.607374746650530639e+01,1.123278196872133705e+01
1.770451614840620280e+01,-1.438223846229944947e+01,-2.113097957892414769e+01,1.637448747109644387e+01
2.300273488389892051e+01,-1.122132407027498679e+01,-1.302994580966975313e+01,2.151486267798236085e+01
2.597190285886103922e+01,-1.150165123764141661e+01,-4.337094777674661117e+00,2.459019035051466773e+01
2.606671156306702031e+01,-1.363042729467229819e+01,2.180985821810838221e+00,2.439337518918143033e+01
2.403738476559652781e+01,-1.468339919992226861e+01,4.360824444774886288e+00,2.192095660094003051e+01
2.179167721305370620e+01,-1.244512371384489846e+01,1.873536930642560883e+00,1.993827931521576247e+01
2.125307226051671705e+01,-7.085364117274410845e+00,-2.963690315147971432e+00,2.079002800459387856e+01
2.317102613315503845e+01,-1.264715300974287082e+00,-6.122709648322294917e+00,2.471594095468487851e+01
2.674210317444531881e+01,1.453997101031151651e+00,-4.678224671982929017e+00,3.002737995215391109e+01
2.998418280931775115e+01,-1.073250458036965727e+00,5.925780639624134150e-01,3.421925588764419501e+01
3.064785829728032240e+01,-7.951114907413913357e+00,5.568882634023041511e+00,3.497452982074887728e+01
2.762523736601328395e+01,-1.547200538034585016e+01,6.372905512993378707e+00,3.128935212391724718e+01
2.208214731493960770e+01,-1.932494104475015817e+01,3.010954615391120637e+00,2.455605158655654918e+01
1.690301585627288006e+01,-1.752431097561216333e+01,-5.772508442348466273e-01,1.812827743304166006e+01
1.439187691115954948e+01,-1.196233793240102194e+01,-2.665295024472923435e-01,1.489853286086742834e+01
1.438487940205026661e+01,-7.187333526682096796e+00,4.331394394179262086e+00,1.507807406337484579e+01
1.477213093374416886e+01,-7.066035926259453426e+00,9.546707832426251983e+00,1.650246540838772802e+01
1.368976629732769190e+01,-1.181258390971328964e+01,1.109794767711579233e+01,1.677439649571709879e+01
1.093351441988195383e+01,-1.777371329698546631e+01,7.883592842143565704e+00,1.474788691461172974e+01
7.570762291340286332e+00,-2.024346685762749942e+01,2.628162605126125317e+00,1.056006108603415505e+01
4.884846973219807431e+00,-1.714568404665309842e+01,-8.936180821780563832e-01,5.369277969024567554e+00
3.773725398818510879e+00,-1.068545631534497176e+01,-1.203292262082151343e+00,1.181294803840192920e+00
4.446081699022298217e+00,-5.636992325039900997e+00,-1.442222742352441966e-02,-1.540655250063608928e-01
6.180557085172189602e+00,-5.576678483168096001e+00,-1.748357446055275044e-01,1.457699964151074834e+00
7.698458539423273628e+00,-1.002568664053465852e+01,-2.773477160378600370e+00,4.095937447770109152e+00
8.273120623365395332e+00,-1.479668590136407680e+01,-6.052762576108164261e+00,5.633087161612814420e+00
8.414672552052305576e+00,-1.530100723448156685e+01,-7.020258121308029509e+00,5.599949469203501451e+00
9.159721536200386538e+00,-1.017613421586778166e+01,-4.255667271853639910e+00,5.054639410915751974e+00
1.074437228493011887e+01,-2.326027521919011853e+00,5.932535011015325210e-01,5.087567074091474240e+00
1.220519736368224883e+01,3.404308837872819016e+00,3.940573754663903916e+00,5.913691659898866249e+00
1.221013298995931073e+01,3.937925768683674388e+00,3.096662925463141924e+00,7.038234045984073539e+00
1.011673409083702779e+01,2.594640726887596088e-02,-1.487502321192947230e+00,7.684590722265392415e+00
6.436021419633150664e+00,-4.838100741638992730e+00,-6.422421648854240495e+00,7.230717382401608440e+00
2.617004000423345911e+00,-7.428620805543479477e+00,-8.012278452179398158e+00,5.819157680932171672e+00
2.534963319842109541e-01,-7.038533826642570546e+00,-5.241375556577763106e+00,4.478134596130478151e+00
4.108799758004037794e-03,-5.290557194480708603e+00,-5.021347814674311794e-01,4.102041433710147622e+00
1.095961151324981397e+00,-4.180472910961504418e+00,2.640631128312899811e+00,4.351080606845171062e+00
2.103510858553534035e+00,-4.418333981344467531e+00,2.504421944598051120e+00,4.127420827020443994e+00
2.280453680186678156e+00,-5.400632001979266406e+00,2.366668849079355263e-01,3.137451796079803401e+00
1.918113970451112094e+00,-6.331619454635635691e+00,-1.973848836753312908e+00,2.289634955693526042e+00
1.481035426104071684e+00,-7.078636162739584847e+00,-3.211462628667656194e+00,2.344557402623828501e+00
9.334201620101788555e-01,-8.006470962340959119e+00,-4.213641219568302176e+00,2.888626477511197166e+00
2.047840745886883862e-01,-9.253230884830252023e+00,-5.719778998367662126e+00,3.137975943424979430e+00
-1.214656768180110979e-01,-1.037960669754816223e+01,-6.856757030752983262e+00,3.226351791521916201e+00
8.281915918735733850e-01,-1.078790596015046255e+01,-5.426618474262375535e+00,4.003826554081599376e+00
3.146209569526938754e+00,-1.043712936313865747e+01,4.044852121027372321e-02,5.728927156411359967e+00
5.758217459042336728e+00,-1.002012301641452829e+01,8.338022445441769293e+00,7.540439058628886748e+00
7.184423665594773745e+00,-1.029468843708739101e+01,1.566144947156481315e+01,8.292493389290575223e+00
6.620647151100538252e+00,-1.117493974911267607e+01,1.802530289902824023e+01,7.684192094460736477e+00
4.475781002957627486e+00,-1.151170364792005074e+01,1.428129120540192254e+01,6.703644039772249208e+00
2.095734237973662761e+00,-9.874574839034748308e+00,7.217837552419680058e+00,7.100269888772811733e+00
7.369873411211451675e-01,-5.765965857708693854e+00,1.606171124602727041e+00,9.873451429459580098e+00
3.969664140920206030e-01,-3.413215960157600093e-01,6.140835051569910608e-01,1.365032502343303378e+01
-2.013547702288547847e-01,3.985671657917754906e+00,3.526898628973935246e+00,1.501959778554601321e+01
-1.920264933339523417e+00,4.974694188397585037e+00,6.713737946087315223e+00,1.164934105456908853e+01
-3.525437775263327467e+00,2.151134246792893556e+00,6.957089397282328669e+00,5.339667561141652641e+00
-2.446418502894044167e+00,-2.691282767584356250e+00,4.147798024124984551e+00,1.028917547670170851e+00
2.328164711710592805e+00,-6.670770318791983122e+00,1.010444260663644123e+00,2.106674164505080604e+00
8.559963569535675276e+00,-7.842900287312184915e+00,3.503985616816276960e-01,7.134041563748639625e+00
1.252975649799792102e+01,-6.403043305517856609e+00,2.503795508586879937e+00,1.159015976249623314e+01
1.240627892584403824e+01,-4.156105107985951896e+00,5.204252763581473928e+00,1.232820516989734116e+01
9.597987622531659824e+00,-2.915186959781443488e+00,5.684767816636063564e+00,9.857881179301532626e+00
7.071337156007042601e+00,-3.241024482743096069e+00,2.933202650594139094e+00,6.940029215347539804e+00
6.793964522847130816e+00,-4.330513633293008979e+00,-1.783222167577716233e+00,5.904671335518183461e+00
8.581766225728356901e+00,-4.803578021587379787e+00,-6.233597379020523910e+00,7.131696119102754139e+00
1.070616783093884727e+01,-3.638993063835672892e+00,-8.921688305369466221e+00,9.139138078143929533e+00
1.137682865814894662e+01,-7.462285294733640439e-01,-9.654174244578056729e+00,9.849288915576529746e+00
1.006348498987348883e+01,2.879166222824661503e+00,-8.780059845466361423e+00,8.354093875623583187e+00
7.722415146079777415e+00,5.345288417490805521e+00,-6.265041676082616640e+00,5.757223806519702336e+00
5.666599173869377282e+00,4.552247181455211233e+00,-1.789398602090541246e+00,3.994315445353837646e+00
4.222508815109958569e+00,-5.031135413289500313e-01,4.290104035748344202e+00,3.802672829152935030e+00
2.746997359072219425e+00,-8.385904152442007486e+00,1.040587731258994886e+01,4.298146347231297071e+00
9.000167202013573675e-01,-1.513370822409565974e+01,1.449415411828750955e+01,4.516415997919190239e+00
-6.436084550166004670e-01,-1.626656901376293973e+01,1.533431421156624097e+01,4.603798467794266713e+00
-1.024421726688137690e+00,-1.001127877808134059e+01,1.322909327621039743e+01,5.135802686644019843e+00
-3.179561939764122824e-01,7.154555700421169062e-01,9.490677779593180929e+00,5.959417874471636623e+00
6.068696428862712100e-01,9.641042589756702696e+00,5.354778507799182741e+00,6.393944206788177098e+00
1.101794942366132624e+00,1.134287088762924256e+01,1.334285173150274950e+00,6.205717775378469803e+00
1.154290007602903678e+00,5.222928151214409453e+00,-2.541315673553909971e+00,5.668687821891746026e+00
9.554362092296710962e-01,-4.074628521522612346e+00,-5.998157813375996739e+00,4.826891460017204594e+00
6.264636269525585277e-01,-1.033532774650100627e+01,-8.089853273335972261e+00,3.417585991915386590e+00
4.517580042033109700e-01,-1.054738760346967830e+01,-7.594709498331693176e+00,1.560755759755012129e+00
8.786888225843197953e-01,-6.755546677459197902e+00,-4.092521325632715978e+00,-1.080942827941206441e-01
2.025135405457918036e+00,-3.538581925685633234e+00,1.124460856847609103e+00,-1.142180514309105055e+00
3.478070284677213575e+00,-3.594875339306041973e+00,5.341467243304395041e+00,-1.619675694661860454e+00
4.763442714099056730e+00,-5.583052176720793014e+00,6.137520864654999464e+00,-1.687451628794207625e+00
5.721884915016111073e+00,-6.084275037978553513e+00,3.332880180507125090e+00,-1.359203480437162215e+00
6.238004461767473252e+00,-3.471915413374182524e+00,-6.369030258160838232e-01,-9.721030378451369636e-01
5.970519715621859902e+00,3.379770093698456490e-01,-2.548910806363682724e+00,-1.206247769731282560e+00
4.733929310266669077e+00,1.965508448164418054e+00,-1.005352694395965196e+00,-2.190052636147036047e+00
2.968755076499343115e+00,1.798987602020983845e-01,2.455133497029808876e+00,-3.000693530300144296e+00
1.478785675197599403e+00,-2.745187713317181810e+00,4.763695724904588147e+00,-2.523647294735550162e+00
7.623717620856274024e-01,-3.271594345199149600e+00,4.018718879053497339e+00,-5.539797629255316380e-01
8.030076001287032028e-01,-9.865793639452202779e-02,1.106894749285963764e+00,2.265516702763139101e+00
1.287827115068950645e+00,4.499410306702815276e+00,-1.158863742616699000e+00,5.156811727189055894e+00
1.646052077120718327e+00,6.601764026045920275e+00,-6.057658102560474767e-01,7.335222034302456784e+00
1.051672925265775715e+00,3.861111405765052407e+00,2.307832641706880406e+00,7.879879158740561884e+00
-1.012255805506310447e+00,-2.774080605007052114e+00,4.841332452846612178e+00,6.381879919541826318e+00
-4.040169782413618016e+00,-9.895682678050970793e+00,4.316272012098242961e+00,3.732815288765097161e+00
-6.786389778860167254e+00,-1.393666793143021287e+01,3.480715836682996001e-01,1.466784996238856609e+00
-8.478988869461316469e+00,-1.314779595781966037e+01,-4.879010207920312148e+00,5.969075144318195664e-02
-9.429571760120461832e+00,-8.224032844209661519e+00,-8.224482556788089482e+00,-1.521717282277023520e+00
-1.023433059039520465e+01,-1.609206736800667281e+00,-7.528403968161155646e+00,-4.287217292123261636e+00
-1.072118674352990197e+01,3.922983848220996439e+00,-2.560653102730872099e+00,-7.744452547055135305e+00
-1.004941551023899748e+01,6.666752232763065500e+00,5.150100258367449335e+00,-1.026761775307561209e+01
-7.711445545102966648e+00,6.674655910460081998e+00,1.310370222321468248e+01,-1.053292241644114213e+01
-4.188359720088637772e+00,5.377094781838661852e+00,1.879797744250939573e+01,-8.364141178619867389e+00
-7.421277588097341393e-01,4.358831088526970987e+00,2.053330830184355449e+01,-4.739455238898285572e+00
1.297879234997820541e+00,4.080957973049178733e+00,1.775022525700581966e+01,-1.432360780421368940e+00
1.393151894420397108e+00,3.488406504959713050e+00,1.095477837964798873e+01,-1.019119806137616935e-01
4.066218394929123070e-01,9.741446973541614263e-01,1.632470450915606719e+00,-9.257230795207139762e-01
2.210830328266607525e-01,-3.827585973843463663e+00,-7.738240816512234943e+00,-2.203458880064448788e+00
2.178573274825323480e+00,-8.884999170102469535e+00,-1.409268035605399305e+01,-1.923353387227684452e+00
5.640298795397417742e+00,-1.063295779422782950e+01,-1.505536859945154227e+01,1.907059997800087392e-01
8.269479518224766679e+00,-6.691209264733385176e+00,-1.048937255692750803e+01,2.497672402518132717e+00
7.870543877823489076e+00,1.698056964994945961e+00,-2.906041322577899155e+00,3.138313815013431984e+00
3.990439236479059293e+00,9.947569784047983532e+00,3.965877418967249213e+00,1.504351445809424703e+00
-1.949221221000650539e+00,1.331804156820370544e+01,7.404459645294810599e+00,-1.685020082679915765e+00
-7.616643954525220472e+00,1.041519956870595820e+01,6.910968838737792552e+00,-4.944023211945636653e+00
-1.097475177012267444e+01,3.971870830110922235e+00,3.785175436211206446e+00,-6.562919269211805684e+00
-1.132653757760069801e+01,-1.598441769879224594e+00,-2.786792385429388147e-02,-5.477947328553417705e+00
-9.774067755425427606e+00,-3.582236172740216329e+00,-2.783172349145552893e+00,-2.238819167520073705e+00
-8.463119215248195104e+00,-2.539888678125599153e+00,-3.333226939202536432e+00,1.214868467650091155e+00
-8.880358685304264199e+00,-1.236831137910126444e+00,-1.360540689517674151e+00,3.200172514971474147e+00
-1.073338101592983485e+01,-2.233985909037181194e+00,2.509165518529635097e+00,3.554076873113221513e+00
-1.251100613149844243e+01,-6.041172728794873770e+00,6.789244885210257152e+00,3.107292992102989704e+00
-1.290553957347920644e+01,-1.085347817705162576e+01,9.448982708748784987e+00,2.463700929188659128e+00
-1.151361006651150021e+01,-1.374043838953054397e+01,8.647372135508458513e+00,1.850797343280385698e+00
-8.571532536108556144e+00,-1.252849625791999344e+01,3.937345110762312750e+00,1.700323820221544269e+00
-4.675735277839986992e+00,-7.351305999491356324e+00,-2.801216667851762931e+00,2.425308354288381096e+00
-7.938445915595219171e-01,-8.150908155934236676e-01,-7.912036976368372443e+00,3.557627185855207763e+00
2.080842234578480721e+00,3.616525755877725512e+00,-8.166013824781847674e+00,3.888765565951430858e+00
3.686046630227910015e+00,4.061828925135197110e+00,-3.025324752476223900e+00,2.795739488576614473e+00
4.678474597239937971e+00,1.612823116130695844e+00,4.934943972640962073e+00,9.482645144258780023e-01
5.809597134486754300e+00,-5.609782925010515786e-01,1.164696630105897768e+01,-5.670389342946003941e-01
7.051342116009931438e+00,2.005462625364263229e-01,1.370537270973065169e+01,-1.403447422555909707e+00
7.674665388406859634e+00,3.872809180614703362e+00,9.706121489476872810e+00,-1.978282998534383497e+00
6.980012045089253547e+00,7.871135367703344876e+00,6.638237606551291581e-01,-2.777935108118119611e+00
4.799089376360219816e+00,9.377224455049468332e+00,-1.020135025017934183e+01,-3.996758926379892163e+00
1.589206315147275506e+00,7.684941910309695423e+00,-1.853984780886511174e+01,-5.500807001417414632e+00
-1.622520133376041951e+00,4.377357377116484649e+00,-2.089341388094397800e+01,-6.727014698254445868e+00
-3.604525978773186701e+00,1.428829561333776255e+00,-1.660347271380527445e+01,-6.920784063765667682e+00
-3.727532521094075069e+00,-5.548289946960869301e-01,-8.105993157765217560e+00,-5.966295518954180643e+00
-2.495557652173974628e+00,-2.162067362389640923e+00,6.663490281633899226e-01,-4.771944475108823802e+00
-1.029183850449199467e+00,-3.626713971970517925e+00,6.505878719595273196e+00,-4.326854204159440442e+00
-6.742722988787383520e-02,-3.979247810931257234e+00,8.303615572971221326e+00,-4.559763553692750548e+00
2.262966654057284865e-01,-2.019573171710628667e+00,7.064936050665423295e+00,-4.709139965820222429e+00
-3.683715949011977520e-01,1.956918012825294317e+00,4.914480909310278811e+00,-4.656643859599756574e+00
-2.280448502215232764e+00,5.683717738247575646e+00,3.694877399646740557e+00,-5.090627923399885013e+00
-5.324893331235706739e+00,6.423966460239578069e+00,3.812459447094952658e+00,-6.193964994515568812e+00
-8.125175476222796789e+00,3.149135117050848809e+00,4.001838014201271498e+00,-6.927059760711335556e+00
-8.887678757268876240e+00,-2.562905033769305341e+00,2.340869919105029062e+00,-6.082980174828760411e+00
-6.875046996479967198e+00,-7.652905408998000425e+00,-1.994021636343904724e+00,-3.663263397150011258e+00
-3.101323655465101581e+00,-9.707350173045472985e+00,-7.547727772213706388e+00,-8.814469424007627119e-01
2.744769806157203451e-01,-8.351898164873498231e+00,-1.118093731524130341e+01,8.300433607189358076e-01
1.288097287853765316e+00,-4.974660544217651470e+00,-1.028293722718867720e+01,5.673868975357769795e-01
-5.422090885764982993e-01,-1.332330061621987305e+00,-4.842995683349011315e+00,-1.705311586506061960e+00
-3.743816877155120793e+00,1.571770175635713418e+00,2.504167977258831446e+00,-4.921338587506342677e+00
-5.843627410620248597e+00,3.497746639144242664e+00,8.496325516451367577e+00,-7.251362908037702226e+00
-5.293199686183295505e+00,4.324705774911087097e+00,1.135625822023786569e+01,-7.297446325462215277e+00
-2.623632969627816891e+00,3.803242174537934783e+00,1.113412027224504719e+01,-5.011865841943588862e+00
3.846563550599645942e-01,2.008030731295679328e+00,8.508997980548491213e+00,-1.237002194214564810e+00
2.491238950639087957e+00,-2.888616491712392431e-01,3.857644506525712114e+00,3.282412624023425263e+00
3.691727934410559797e+00,-2.064367476986479488e+00,-2.340974467293989392e+00,7.874535821945221059e+00
4.427913310883774045e+00,-2.889651965662892508e+00,-8.639878235173741317e+00,1.131080632987197454e+01
4.786692743780405657e+00,-3.065641556005961998e+00,-1.279702759712448845e+01,1.226888994098021968e+01
4.618479021556074926e+00,-2.834011277615158253e+00,-1.311457377445720951e+01,1.075897445518034168e+01
3.848090876346520695e+00,-1.819410329165713103e+00,-9.604481369053633699e+00,8.376307851524396497e+00
2.286974868895227608e+00,3.200155735752261421e-01,-3.891756169625212980e+00,6.655393066530478130e+00
-4.278990747153150753e-01,2.792870089353511442e+00,1.852961448952330281e+00,5.619022047850071644e+00
-4.187950858546622968e+00,3.818501515821406400e+00,5.964725149134608273e+00,4.322002248700258953e+00
-7.920284529052680433e+00,2.296172346556514476e+00,7.785443859628125907e+00,2.286827784607847747e+00
-1.026745540442858662e+01,-8.242006594012627474e-01,7.650628205673630333e+00,-1.586471028110989501e-01
-1.077951240581109005e+01,-3.248815076339973462e+00,6.475710837849982582e+00,-2.513105876721436260e+00
-1.013965184848419199e+01,-3.535994622314760250e+00,5.103222257891289360e+00,-4.333455227433042900e+00
-9.298042610662955454e+00,-2.402174472330515620e+00,3.871778773405660345e+00,-5.065875308494329765e+00
-8.688675316653704073e+00,-1.775093821253144410e+00,2.843312516186141892e+00,-4.429753157553796505e+00
-8.151703432990311526e+00,-2.761249509617920150e+00,2.392273039340251373e+00,-3.028294602082291398e+00
-7.184253300238895967e+00,-4.718982788320184696e+00,3.220610965198956510e+00,-1.987132707470424142e+00
-5.303320730603965139e+00,-6.205634929908907083e+00,5.411142040028606992e+00,-1.876192227926096967e+00
-2.636501036206936988e+00,-6.585037188061087399e+00,7.523732994883835623e+00,-2.413096192813709351e+00
-1.946377637952212136e-01,-6.596975893384401601e+00,7.204779019657292061e+00,-3.130968745380755536e+00
1.027924192023391914e+00,-7.342173023473782756e+00,3.309634211250063629e+00,-3.617276662203456006e+00
1.523449865001764936e+00,-8.690593482321418151e+00,-2.464991613500496559e+00,-2.991856050977087733e+00
3.304222974786725331e+00,-8.811447761449640481e+00,-6.462032900700949156e+00,-1.043349805894870780e-01
7.806876959393612481e+00,-5.660194488858909523e+00,-6.027694649639660618e+00,5.003062007489519125e+00
1.380354330934978080e+01,7.242389300604062941e-01,-1.786944673303519915e+00,1.023091602400789846e+01
1.785984853221691893e+01,7.489912784229438181e+00,2.983132775105540091e+00,1.274361909033226326e+01
1.706176698228765432e+01,1.093175530122639927e+01,5.156550309078573591e+00,1.120363426204457724e+01
1.132994098053900522e+01,9.432825342809790570e+00,3.961211187837825776e+00,6.537822024457669912e+00
3.406954648903708360e+00,4.474408484072228021e+00,7.503096378545666134e-01,9.165708653431827724e-01
-3.036296611126223954e+00,-1.133831142269171144e+00,-2.851978830958556976e+00,-3.565618069264191892e+00
-5.572060890080300588e+00,-5.627275609382022203e+00,-6.205860300844244115e+00,-5.672263160366814105e+00
-4.200504216878036878e+00,-8.694031609405746153e+00,-9.178950971793140567e+00,-5.453115798252716750e+00
-9.772670689978701919e-01,-1.000005921568718747e+01,-1.097485754262218194e+01,-4.100536398379944991e+00
1.625032200319884268e+00,-8.298905397414653606e+00,-1.009904248999364462e+01,-2.855667044227621965e+00
2.318072819605170309e+00,-2.725568857627514330e+00,-5.841846344492215515e+00,-1.885216913576468034e+00
1.251688102027092242e+00,5.185262638516535461e+00,3.488442888958022126e-01,-5.825727263529137945e-01
-8.736089610508550596e-01,1.157983910904068381e+01,5.400707532729613014e+00,1.108195967332553211e+00
-3.423482201391531365e+00,1.307676687748880262e+01,6.900539076496652768e+00,2.333147997957700781e+00
-5.613338396777011852e+00,9.654212980464995653e+00,5.091157247011529385e+00,2.454301072002529338e+00
-6.420846469293874925e+00,4.612603934071770162e+00,2.738652512812542739e+00,1.859290299359629195e+00
-5.297791934615311504e+00,1.504796289431162837e+00,2.941882231528094582e+00,1.277395568314474428e+00
-2.793307989465541930e+00,9.769764869194926815e-01,6.667935252739033203e+00,8.937391618233790913e-01
-9.278475051474625868e-02,5.385972933102910476e-01,1.192886724413565602e+01,6.731309652121689746e-01
1.937329616127699605e+00,-2.581798761127682695e+00,1.516733936022979634e+01,1.005499141540233454e+00
2.984626578893161408e+00,-8.300268134843829415e+00,1.374548818413146378e+01,2.196598913350948479e+00
2.903801221611688632e+00,-1.329375752090671980e+01,7.703386392079184297e+00,3.519089234739090966e+00
1.717925439825426226e+00,-1.371241238614548230e+01,-3.701607103526310949e-01,3.617848929209191322e+00
1.643902716648586865e-02,-8.413239513124386448e+00,-7.065042379033316777e+00,1.996386377955411628e+00
-1.237804005254722339e+00,1.376139474366077919e-01,-1.009004478333901211e+01,-4.738854907576105502e-01
-1.587144706323070587e+00,7.755535833811696200e+00,-9.083149079873289011e+00,-2.603083163609777095e+00
-1.465779699859942831e+00,1.128254620890810145e+01,-5.059885441683611873e+00,-3.849070614220194031e+00
-1.504595167105124309e+00,1.004349616817408553e+01,5.543363906409858322e-01,-4.110312824496362261e+00
-1.691980636851965647e+00,5.449249045753909115e+00,6.265497477973986484e+00,-3.231988082781088512e+00
-1.389179003905764098e+00,-3.455873424127047233e-01,1.023107603014266864e+01,-1.135855303330369104e+00
4.434756923741133006e-02,-5.562773836520626070e+00,1.033974726458772331e+01,1.930415407847392739e+00
2.720841167628576418e+00,-9.179496875829281421e+00,5.345224795322486955e+00,5.529065287931414829e+00
5.916774503151343900e+00,-1.076547724186324828e+01,-3.605901509473813160e+00,8.974308964470511185e+00
8.046794218943432497e+00,-1.022542482823267740e+01,-1.266855572006799768e+01,1.090525455679139633e+01
7.425594933209696435e+00,-7.690741564837343169e+00,-1.716386050208300773e+01,9.645328892084513939e+00
3.718358892943609550e+00,-3.532646385620870078e+00,-1.466361082807710758e+01,4.796340984657074813e+00
-1.349766321005089198e+00,1.588656018184013030e+00,-6.957076569744153005e+00,-1.720951284884898680e+00
-5.156834112877914045e+00,6.666478067041128774e+00,8.988199663203754186e-01,-6.887199180337722382e+00
-6.215996981682948785e+00,1.036214001939227813e+01,4.046269116079965755e+00,-8.912660201246136893e+00
-5.023215399952608351e+00,1.128844343950513895e+01,1.308649970435618926e+00,-8.130686918510125594e+00
-3.219140459710058799e+00,8.666450567366686286e+00,-4.021688067201059980e+00,-6.023088623035263822e+00
-2.353111947281748328e+00,3.066899817331299793e+00,-6.801191094583421304e+00,-4.079223407888299846e+00
-3.218860177725690441e+00,-3.412294221825024731e+00,-4.087933588435824106e+00,-3.367406733464517465e+00
-5.534500485404485026e+00,-8.005180887060934225e+00,2.544593752889459104e+00,-4.117426153504966990e+00
-7.845862275171630706e+00,-8.851884029620450178e+00,8.298720825377142063e+00,-5.227343302250750945e+00
-8.248653878182997445e+00,-6.189053875944386718e+00,9.055522741046639013e+00,-4.847800687223982052e+00
-5.893568937874654523e+00,-2.147930929741372008e+00,4.738113159570207955e+00,-2.138531418286364616e+00
-1.895629179404997977e+00,7.658087952899927942e-01,-6.565129740082525922e-01,1.710800351311781764e+00
1.441137232142854829e+00,1.285545231507518427e+00,-2.406729938748595199e+00,4.532317315257483159e+00
2.311053086338513030e+00,-1.941415244031165499e-01,1.057377703092207799e+00,5.026739685370327670e+00
3.868544755157239945e-01,-2.505912314292775722e+00,7.053352063706320507e+00,3.378988554953928691e+00
-3.385952111224431960e+00,-4.815453875320035770e+00,1.109318081014216517e+01,5.720177905588639256e-01
-7.489006867766746289e+00,-6.854229866329469623e+00,1.050961692621431887e+01,-2.316526991528555790e+00
-1.052003612210157080e+01,-8.311666749253305397e+00,6.139779527440039075e+00,-4.423387174056149895e+00
-1.177442195294722005e+01,-8.349015964248406974e+00,1.064667648009425927e+00,-5.397462059681446434e+00
-1.133563102462135852e+01,-5.980397556692545358e+00,-1.964209274934928029e+00,-5.385804941267863910e+00
-9.424000763905311828e+00,-1.094545612587930927e+00,-2.119769705914992031e+00,-4.289534838253908688e+00
-5.835024140536074988e+00,4.801578817211582084e+00,-2.841481228463705877e-01,-1.313344408075906022e+00
-5.267376876201120828e-01,8.930649006553924352e+00,2.067876704061905713e+00,3.884475289240360230e+00
5.222679300882703046e+00,8.770269214296012805e+00,3.616426361662153255e+00,9.498389637009720943e+00
8.913233902681469090e+00,3.911015642766063838e+00,3.302199841752107012e+00,1.198122022361677708e+01
8.626872292905986228e+00,-3.165629151928040841e+00,4.804119356062342971e-01,8.886045602614998984e+00
4.694428632056352413e+00,-8.332498935818183128e+00,-4.440530331766938232e+00,1.185579568772170633e+00
-5.462678322978424816e-01,-8.483927367402696262e+00,-9.516849956676152189e+00,-7.381686326880503302e+00
-4.449487457313297867e+00,-3.644723382300446346e+00,-1.195108103890620477e+01,-1.293138460047022953e+01
-5.552972682120237202e+00,3.164865296509809856e+00,-9.887727310746887710e+00,-1.351009193110873063e+01
-4.096631507279164808e+00,8.125132580554442541e+00,-3.933938376033094375e+00,-9.731656956251448776e+00
-1.751308886577603419e+00,9.064470907954490286e+00,3.005671711151064684e+00,-4.355732815398591029e+00
-5.816515427921222781e-01,6.437757046446127340e+00,7.592794393790430085e+00,-7.389002978294487711e-01
-1.448960868603528240e+00,2.507493122010429509e+00,8.187321783262056840e+00,-4.123678866721986469e-01
-3.157097144470098815e+00,-3.699018752739633986e-01,5.601981342660312890e+00,-1.766814067840985825e+00
-3.587136528253813683e+00,-1.164751541098825838e+00,1.981349384340223896e+00,-1.645554956686435144e+00
-1.902171457117135978e+00,-5.065979261563303693e-01,-1.110784739613106087e+00,1.542808969712499589e+00
6.257913042864766684e-01,1.992431896111720169e-01,-3.656734379122693834e+00,6.553170147446703453e+00
2.048333239593691069e+00,2.038278296015941793e-01,-6.448164569825487469e+00,1.089393001823709639e+01
1.659225080293339261e+00,2.084581227803994352e-01,-9.626882598628704102e+00,1.297035982676070276e+01
4.210961712051263239e-01,1.739070453471699862e+00,-1.213952396507946574e+01,1.266994743112800492e+01
-5.897485459752463410e-02,5.585947072850315998e+00,-1.262124474094463800e+01,1.079347971279956120e+01
1.249158490256936371e+00,1.075224446743193596e+01,-1.066389928858272107e+01,8.489956991358459604e+00
4.123735863002784718e+00,1.491860753261327766e+01,-7.165616841775817036e+00,6.723633031836062202e+00
7.152542986594401242e+00,1.599376885532733361e+01,-3.553812611401502952e+00,5.666219329715918462e+00
8.717438044184545376e+00,1.340776941123358768e+01,-7.114312393290591618e-01,4.811966726073814371e+00
8.490223084458929037e+00,8.262305064456636927e+00,1.519640329809844426e+00,4.067368829095358684e+00
8.021487254737763806e+00,2.549680015729919980e+00,3.984300450736765420e+00,4.380982580709678942e+00
9.467818035725677817e+00,-1.817038591550043991e+00,7.310236658488014960e+00,6.721870167538469332e+00
1.352957877535001074e+01,-3.693609873093105289e+00,1.108553074788433079e+01,1.056194644847363584e+01
1.867638762748542192e+01,-3.036613805870756355e+00,1.376643867392280818e+01,1.389127941202531602e+01
2.230151270514614836e+01,-8.122867879767809995e-01,1.352399142579452018e+01,1.478026191075459828e+01
2.253593501688736112e+01,1.642818988993753004e+00,9.499151745333353603e+00,1.271586346729316297e+01
1.929882821958974048e+01,3.549199492799825162e+00,2.509180759809549688e+00,8.737785327027923543e+00
1.419078725592593493e+01,5.097632301599447580e+00,-5.353128667176687117e+00,4.829596438624408350e+00
9.447509113540666803e+00,6.785648787440440088e+00,-1.182152592259336643e+01,2.901278758364609800e+00
6.445449788273679204e+00,8.262199667093311106e+00,-1.530049368551169842e+01,3.395978506008189068e+00
4.800206542115482478e+00,8.035915798964431644e+00,-1.499308239160257195e+01,4.585992234782570343e+00
3.029207980438735959e+00,4.665876873200680564e+00,-1.078569998751057923e+01,3.974096900838456570e+00
2.365321395897677093e-01,-1.538924685168293616e+00,-3.499650053778084580e+00,9.229337842922689106e-01
-3.067410694300078511e+00,-8.001055566851437817e+00,4.715524432567904434e+00,-2.552446504565746732e+00
-5.910719210533160073e+00,-1.127258031087784040e+01,1.071618413618848109e+01,-4.091773319678174481e+00
-8.158895420565693613e+00,-9.381680963693842301e+00,1.180915165345173712e+01,-3.662104509949632547e+00
-1.036379696583812127e+01,-3.268637932551097247e+00,7.528492982228693897e+00,-3.304678518945362686e+00
-1.248802657885146239e+01,3.875007289557518497e+00,3.492428146991785054e-01,-4.484142371655759796e+00
-1.338061236239985696e+01,8.867888657090386317e+00,-5.465931377058491414e+00,-6.405528738002077560e+00
-1.174389230415348173e+01,1.057505394632701901e+01,-6.325960005123310026e+00,-6.954096063970400365e+00
-7.416412301262094608e+00,1.008310941177115794e+01,-1.498757260384446566e+00,-4.722191055023338357e+00
-1.716573398774518200e+00,9.037468330085470569e+00,6.364802598437529824e+00,-1.322164376356811943e-01
3.181662903159557576e+00,7.832868416759954044e+00,1.260719143089400696e+01,4.728802297717498604e+00
5.336198475975814759e+00,5.409731519955084167e+00,1.300236572899180310e+01,7.194310880909005057e+00
4.227629002754222931e+00,7.689681365634993826e-01,6.052586849130092261e+00,5.707140838745179856e+00
1.361195094736131983e+00,-5.401592221742875566e+00,-5.967553263657484841e+00,1.095105685853301702e+00
-6.267022292159145636e-01,-1.068081237070843947e+01,-1.797308889815629129e+01,-3.995493489338286519e+00
-3.964538439228787459e-02,-1.254298197811848503e+01,-2.480951450287972904e+01,-7.252076880369711098e+00
2.518564766006659017e+00,-1.015338611520496315e+01,-2.414748277290553702e+01,-8.186621488659698187e+00
4.883647867474365079e+00,-4.820936550313372315e+00,-1.745922054622712949e+01,-7.600769366162163365e+00
5.314877113328488001e+00,9.994283413053808296e-01,-8.446304898719279919e+00,-6.302361568467397035e+00
3.794993579177929455e+00,5.096089619518940239e+00,-4.432375108244628326e-01,-4.745015574968667771e+00
1.867128928603712046e+00,6.347355223173662964e+00,5.055653658243922877e+00,-3.223712671543158326e+00
1.547129669065639312e+00,4.907033528020424917e+00,8.081340684805804031e+00,-1.583814470023919396e+00
3.937314493086900846e+00,1.995328607441181790e+00,9.165390859044423522e+00,9.618717200090618480e-01
8.119265399125076499e+00,-6.408801731008746394e-01,8.791339911783342842e+00,4.832634658543467410e+00
1.133836642150106044e+01,-1.630359491314923970e+00,7.343866035546906978e+00,8.850275035828989445e+00
1.095179719495662596e+01,-9.100874230118881636e-01,4.944834924477047089e+00,1.074849703776722087e+01
6.680005839307697535e+00,1.291444276890473669e-02,1.165596701881227437e+00,9.181415895223675960e+00
8.698386542400404764e-01,-1.061040402374789693e+00,-4.690074476330708286e+00,4.854394510924932682e+00
-3.542267315951295625e+00,-5.382052593414074160e+00,-1.246123491142074080e+01,-3.052846902019296649e-01
-5.219345817911336560e+00,-1.201454232198285155e+01,-2.008607250402749500e+01,-4.498591155443087963e+00
-4.848795652102585230e+00,-1.810742616383734216e+01,-2.397068748815584627e+01,-6.577428555521436238e+00
-4.077558122963954368e+00,-2.063497195814307617e+01,-2.095774123585498572e+01,-6.186331984432190012e+00
-4.267012580741359251e+00,-1.829052060169360061e+01,-1.053035382412482868e+01,-4.055646905714962003e+00
-5.676729236272731960e+00,-1.208968050748768874e+01,4.382716088379187802e+00,-1.717441534809817538e+00
-7.232421612370327324e+00,-4.430878648405430553e+00,1.848644635287083915e+01,-3.077986512807721620e-01
-7.276088999455553541e+00,2.399112685884116747e+00,2.635485136777943183e+01,2.106128823924530435e-01
-5.112768121401321864e+00,7.147055152699767433e+00,2.476299304296855297e+01,3.657981121378307554e-01
-1.901139068162247758e+00,9.567126961681502451e+00,1.427055233678877499e+01,1.873861366667881057e-01
2.909135706951218037e-01,9.798871306534559622e+00,-6.558442849819789977e-01,-5.303961058077130142e-01
3.544892777244704751e-01,7.774700805189973529e+00,-1.345968836728874862e+01,-1.350919335449094927e+00
-1.076199152283214833e+00,3.199470681745442135e+00,-1.879797242968899695e+01,-1.403805879008144686e+00
-2.452935572699524780e+00,-3.748955799965266067e+00,-1.553576743079212719e+01,-4.796913905881602935e-01
-2.465629809327209987e+00,-1.150511607516407686e+01,-7.267662900699640716e+00,7.514044838496680701e-01
-5.201712275561984899e-01,-1.697421610026183814e+01,2.639973011209676423e-01,1.698817093801494815e+00
3.120572135704553940e+00,-1.683993304681983361e+01,3.063695511326780085e+00,2.384669140604347426e+00
7.177164106224496187e+00,-9.820845541759998909e+00,1.220982147304964904e+00,2.848895270543877256e+00
9.709018028998979588e+00,1.794916361174472952e+00,-1.870453722632443361e+00,2.688301702592453157e+00
9.247796739998703330e+00,1.288028170211816814e+01,-2.536776749311856261e+00,1.559619710533147741e+00
5.777511146735410108e+00,1.830417773767541689e+01,2.980894155805111079e-01,-3.710548023089733083e-01
6.276308020261229803e-01,1.590640633459730147e+01,4.433992106011657164e+00,-2.858647108976385631e+00
-4.369325940165968980e+00,7.550833835602548838e+00,6.275719367638973978e+00,-5.935531192594069694e+00
-7.610519848504824658e+00,-2.207218126660881019e+00,3.778700232310181928e+00,-9.320634185623582368e+00
-8.269601421459402246e+00,-8.705418284784077088e+00,-1.789402014974168065e+00,-1.192557922604141751e+01
-6.817129446035022688e+00,-9.486583864731606752e+00,-6.612378990244299537e+00,-1.267109262100848710e+01
-4.908079016923752036e+00,-5.311978385151725490e+00,-7.077448222782565246e+00,-1.166451354155382880e+01
-4.126733717271839019e+00,5.026153330843625699e-01,-2.521495494348976685e+00,-9.996001786712511716e+00
-4.595969863143440470e+00,4.115929647698207461e+00,4.054789412187223441e+00,-8.483068754276015255e+00
-5.068753890499744230e+00,3.463547383859393758e+00,7.912762114504638511e+00,-7.192144203597917951e+00
-4.421270556442467914e+00,-6.214236325130766403e-01,5.844230561351602127e+00,-6.059441504879929496e+00
-2.718167704232851367e+00,-5.264713793996340208e+00,-1.499945374020051680e+00,-5.158423431092359124e+00
-7.615396005936525547e-01,-7.733810906911992689e+00,-9.832158736685038036e+00,-4.134856066916282380e+00
9.451083262923503092e-01,-7.208483012664120615e+00,-1.387717550685376011e+01,-2.117090763897561789e+00
2.497725408570556471e+00,-4.746890217561300140e+00,-1.077131360586403019e+01,1.278870116692861103e+00
4.147057573112898687e+00,-1.727263212431001227e+00,-2.023957077524570991e+00,5.175779132223196299e+00
5.840909244565452241e+00,1.471876078950554501e+00,7.353869051024527259e+00,7.996655194832830382e+00
7.055891578507262452e+00,5.112539237137505133e+00,1.211606233033988467e+01,8.538205181136726551e+00
6.972399772242650506e+00,8.576010748588670296e+00,1.020707166077227157e+01,6.400722348161957953e+00
5.174377405330400137e+00,9.683923014594356005e+00,3.873204020233827372e+00,2.043825952865352846e+00
2.475942138449097829e+00,6.131527898937532584e+00,-2.240521935200418646e+00,-2.999219204580987785e+00
7.087445474062534778e-01,-1.993125186034865548e+00,-4.395951413764823457e+00,-6.452944540965426690e+00
1.144001634418339242e+00,-1.111536831434107775e+01,-2.020100941576076892e+00,-6.768644799466713380e+00
3.145750131638908265e+00,-1.606635535857957464e+01,2.412447218665118243e+00,-4.416101321266316937e+00
4.783717340702033916e+00,-1.382544536561811022e+01,5.397417236617562786e+00,-1.286447572344933787e+00
4.808197328716568464e+00,-5.998719600467645741e+00,4.790839179086368027e+00,1.150263862294724104e+00
3.711597100954683981e+00,2.277539233651749040e+00,1.096407195549264468e+00,2.671638466990473582e+00
2.892719887026939940e+00,6.240224003188180824e+00,-3.077810121786575426e+00,3.539005354179292517e+00
3.228557172435879696e+00,4.945207192349060143e+00,-5.048574466510175718e+00,3.801401196021109374e+00
4.557919160732569530e+00,1.444067934224094962e+00,-4.168373843428861747e+00,3.638363182666186191e+00
6.058597599034168724e+00,-2.439249310131294812e-01,-2.301951773426807346e+00,3.673166353394749617e+00
6.812386996364671710e+00,1.330560492224832192e+00,-2.060126313710972656e+00,4.402490208281438555e+00
6.400608119021798714e+00,3.947953041266808683e+00,-4.165076431953040448e+00,5.698360589949007959e+00
5.427174708867388730e+00,3.904626912323817756e+00,-6.356720829675913897e+00,7.286093677336856977e+00
5.259814640555944720e+00,-3.825229036702071928e-01,-5.051736051183079113e+00,9.273039312945897450e+00
6.719364883372560548e+00,-6.463465237672838093e+00,1.505211536828062080e+00,1.160344017509322434e+01
8.940783685589428487e+00,-9.488404930449878094e+00,1.123488920016509418e+01,1.324378209617198365e+01
9.863396858243504539e+00,-6.274047792389490397e+00,1.906786589862410253e+01,1.261416854985214542e+01
8.005864915061129850e+00,1.616366139231497856e+00,2.011511597945709084e+01,9.000135703239086737e+00
3.711058892321136060e+00,8.648222134775691572e+00,1.295023244622010772e+01,3.319539096280566426e+00
-1.190451269215944352e+00,9.568604569673800242e+00,7.191809633014641934e-01,-2.376621578516233235e+00
-4.677237926450080963e+00,3.627823096755857346e+00,-1.071468374612519270e+01,-5.935138554057927784e+00
-5.699587888715250017e+00,-4.797614290506638568e+00,-1.632883532497082868e+01,-6.125741720017900960e+00
-4.656576779040059400e+00,-9.622306974532209622e+00,-1.477835147071628619e+01,-3.518113713579298807e+00
-2.965865042094572690e+00,-7.583548128718148540e+00,-8.678875586191823643e+00,-4.065746199874553657e-01
-1.810735465144134304e+00,-3.544705664528410294e-01,-2.365266760707239513e+00,9.514864233644169111e-01
-1.022335327905435687e+00,6.991833569932103032e+00,1.103977007572854774e+00,4.633859571009176226e-01
6.007904899393458065e-01,9.609498279480055416e+00,1.533723011478610898e+00,1.262600888948326727e-01
3.654875640090533118e+00,5.966816272892734752e+00,8.496901986162406217e-01,1.499247507518835842e+00
7.039976760856117011e+00,-1.428604090111149860e+00,1.021934158998827114e+00,3.715828700801504070e+00
8.779953045537121525e+00,-7.857709422302107782e+00,2.573975598367059803e+00,4.453307838793980622e+00
7.798567466002474191e+00,-9.434588628278975264e+00,4.704301543727196666e+00,2.517665123099303237e+00
4.698707500716524876e+00,-5.326803888677269505e+00,6.369782010695772989e+00,-9.948975784050539950e-01
1.054344183745585140e+00,2.179844960634404583e+00,7.007007827868670269e+00,-3.793594332504720779e+00
-1.705004789175004865e+00,9.419173467627532048e+00,6.395655865996905831e+00,-4.189238653553482905e+00
-2.943350528944620681e+00,1.342395080881389369e+01,4.296548072508052485e+00,-2.225114458222312575e+00
-2.981775966027027991e+00,1.320369950177385654e+01,6.215507966690835273e-01,1.944028152638360429e-01
-2.810720440785253516e+00,9.937803629790783688e+00,-3.944870406720616618e+00,4.180513983781932730e-01
-3.321461054867630658e+00,6.168804354411126845e+00,-7.675084385223651218e+00,-2.847785488941124488e+00
-4.650634644847518651e+00,4.258672286959005682e+00,-8.490729883332187811e+00,-8.207566609574108440e+00
-6.409692385467616660e+00,4.921310253901299170e+00,-5.317369820048078566e+00,-1.273978594662666097e+01
-8.413682553584770574e+00,6.966474704299894682e+00,9.594272446872450510e-01,-1.461262012525993192e+01
-1.067087826428430120e+01,8.593368609949360248e+00,7.830192398075647375e+00,-1.418654561737600517e+01
-1.254942634924315570e+01,9.136723803159064516e+00,1.263872590273001606e+01,-1.269648392256591407e+01
-1.263823990429039590e+01,9.637335159374931237e+00,1.408188453700631193e+01,-1.081552585273696998e+01
-1.012434589954667352e+01,1.170155819937705211e+01,1.267892184683580048e+01,-9.012578915899551291e+00
-6.219908996905624932e+00,1.578577713609760913e+01,1.012446269659196751e+01,-8.502897157435128861e+00
-3.722923701282753850e+00,2.060167062039922570e+01,8.233802314272022471e+00,-1.076887677919879671e+01
-5.002910829940919513e+00,2.424706154341568265e+01,8.128263061455312410e+00,-1.613666394907894031e+01
-1.046489448818887169e+01,2.602472023850995697e+01,9.836716106298325712e+00,-2.346748653462111989e+01
-1.866968780415282936e+01,2.725751124251306123e+01,1.233250710728005828e+01,-3.132539580554501768e+01
-2.748001043946861444e+01,3.027027322410669186e+01,1.411355787898309622e+01,-3.902856992388905866e+01
-3.521312969931206993e+01,3.629910019786176889e+01,1.419326874466049127e+01,-4.663467666082080143e+01
-4.138339083663687745e+01,4.410203001194331307e+01,1.281894743906785195e+01,-5.445343576072091452e+01
-4.675794163109118529e+01,5.063043480929706419e+01,1.115637176972056110e+01,-6.260941812477059898e+01
-5.250442445981564532e+01,5.345077388059021928e+01,1.003410290676619177e+01,-7.051469199599505089e+01
-5.906288532951854364e+01,5.291708859615353333e+01,8.905267986581678841e+00,-7.668176360020574123e+01
-6.593917434642308706e+01,5.197607130872238912e+01,6.216969566654370283e+00,-7.974782179507751323e+01
-7.250846802729378737e+01,5.346076097939454286e+01,1.121939923687517826e+00,-8.004168079127421720e+01
-7.849276149268638392e+01,5.724271473511454644e+01,-4.928485207771468701e+00,-7.956608440350245814e+01
-8.339537367872861751e+01,6.007701739308692623e+01,-8.354707914073978614e+00,-7.992288596602044493e+01
-8.601974817790741668e+01,5.852993487504102887e+01,-5.730718869767279067e+00,-8.061937649460686828e+01
-8.524170573224139957e+01,5.230391468356697260e+01,3.309344700841982068e+00,-7.984601407601297751e+01
-8.124898478422207404e+01,4.477539721352300717e+01,1.492017542411674214e+01,-7.651765194214520704e+01
-7.559150929733499424e+01,4.019992301111626176e+01,2.296701605386786227e+01,-7.103027723370699675e+01
-6.990855108424499065e+01,4.012987717870020532e+01,2.288610287205179361e+01,-6.439869130135208763e+01
-6.472217539445142620e+01,4.217797178869706443e+01,1.462694007973427190e+01,-5.735274948773680848e+01
-5.924082678460261775e+01,4.204013283054824512e+01,2.493874409322274666e+00,-5.008823618341136097e+01
-5.195463295529450676e+01,3.690603792330538369e+01,-7.868478781895101193e+00,-4.214000788641998696e+01
-4.161896748831166803e+01,2.742997575589781789e+01,-1.309162738527523651e+01,-3.248336622220721637e+01
-2.839174279059801975e+01,1.684761269687285434e+01,-1.383054154408658576e+01,-2.056336188248554819e+01
-1.438241697494575000e+01,8.208441723028180093e+00,-1.352946203089044275e+01,-7.594393788518369881e+00
-2.672521228360404955e+00,2.091434710326699253e+00,-1.514327755859260627e+01,3.687190848344369609e+00
4.817599445238538003e+00,-3.417646508511772208e+00,-1.840167412026552185e+01,1.106153455932236973e+01
8.733189328141847341e+00,-1.065846879104612732e+01,-2.004560143615462309e+01,1.453315396276303062e+01
1.161801420684584407e+01,-2.006700641674170882e+01,-1.698045867682501253e+01,1.600800154631787464e+01
1.593679818360742395e+01,-2.949898661687636547e+01,-9.447518961454667519e+00,1.775253681279911078e+01
2.253749405494616909e+01,-3.568518019643633465e+01,-1.188789302620030908e+00,2.128592522766885153e+01
3.034504906222847609e+01,-3.656408277357137848e+01,3.434366830261656567e+00,2.691304335177875018e+01
3.703860988653982389e+01,-3.262713763665064448e+01,2.533563787808862600e+00,3.342321982838005567e+01
4.043555269901732885e+01,-2.640499912810933125e+01,-2.586250505656405796e+00,3.849393212795251173e+01
4.013181729033041734e+01,-2.083870662443199606e+01,-9.025897336343158273e+00,4.038413385175866210e+01
3.813493637752550569e+01,-1.796960652006112724e+01,-1.428075715703840665e+01,3.964099394754498462e+01
3.743965147287076434e+01,-1.865571075878674279e+01,-1.713496758171377365e+01,3.879161972042161466e+01
3.948285786493346450e+01,-2.286733688539653286e+01,-1.747160273461310709e+01,4.012221781923580011e+01
4.288996223739598435e+01,-2.976431148201376686e+01,-1.574157856060902283e+01,4.381039151686988475e+01
4.471595292223251050e+01,-3.742007028183682138e+01,-1.257267944734232756e+01,4.794906603342022322e+01
4.288626786814712233e+01,-4.288152359112377354e+01,-8.604163868756032230e+00,4.992387970265514241e+01
3.771959823965085690e+01,-4.324237368919941815e+01,-4.527158827604754521e+00,4.805013090595594605e+01
3.165984363154290904e+01,-3.741957058426947924e+01,-1.234247951374773278e+00,4.286560066572540961e+01
2.769359951733079228e+01,-2.731482919687350375e+01,2.041510763375888882e-01,3.722970896934154439e+01
2.741910130471656259e+01,-1.717972299757713728e+01,-9.950225110935853046e-01,3.440904068583204634e+01
2.995004246202439901e+01,-1.135527054461522312e+01,-4.584025713374638933e+00,3.527680021339426730e+01
3.266614878749297901e+01,-1.189401352732212302e+01,-8.939144794561059371e+00,3.752293567931246088e+01
3.346128541443231796e+01,-1.765164519983611413e+01,-1.176326937342617818e+01,3.805602700141898964e+01
3.250565511748526148e+01,-2.527598362655820452e+01,-1.167462631513784288e+01,3.608390927346154342e+01
3.185426845008664998e+01,-3.120495010286871818e+01,-9.463461635539193395e+00,3.363749756532609325e+01
3.349262702856673712e+01,-3.331798517503631274e+01,-7.594671138556830847e+00,3.345908930614744747e+01
3.781538301004808034e+01,-3.144767640848970913e+01,-7.879458279141015709e+00,3.674171140859947826e+01
4.354059284267054863e+01,-2.690583559358917398e+01,-9.277372773564520614e+00,4.236207660653216323e+01
4.852195217647215486e+01,-2.164032321073037579e+01,-8.326382520623479166e+00,4.744115710196990676e+01
5.079528589226045909e+01,-1.741066497125341783e+01,-2.473769046957488005e+00,4.885530911185708902e+01
4.962820057767144277e+01,-1.509778380333301762e+01,6.627484201822196219e+00,4.533769303055075994e+01
4.597226787554362915e+01,-1.441520304912529937e+01,1.342217331252263612e+01,3.864602850709821524e+01
4.156203724718519510e+01,-1.437386882263252730e+01,1.270230880508032456e+01,3.214551652549431537e+01
3.725342740066398051e+01,-1.429031230441384182e+01,4.159545866467532882e+00,2.779581393187697813e+01
3.245620215664094843e+01,-1.444510217243018602e+01,-6.907852579248773495e+00,2.478677743791875798e+01
2.639242208418396274e+01,-1.571232276358466606e+01,-1.338270402074854104e+01,2.124369247557313756e+01
1.958982331582017267e+01,-1.850792719824135446e+01,-1.141813851699374283e+01,1.669210810540690559e+01
1.377783638892448792e+01,-2.206389849227297262e+01,-2.957051746467977527e+00,1.248599922645986737e+01
1.046585638001196727e+01,-2.465197693433751525e+01,5.789142257298681038e+00,1.037357837671604699e+01
9.875890394665582050e+00,-2.454246854109420184e+01,8.513854913671874414e+00,1.120194574334044191e+01
1.101740716293534028e+01,-2.103049205481813644e+01,2.925290515173117001e+00,1.455628762296979417e+01
1.239345266556839675e+01,-1.490175590895702484e+01,-7.626039354668585624e+00,1.884030087892112348e+01
1.278852251161820419e+01,-8.004749843069927095e+00,-1.611398675708247197e+01,2.181500843944857237e+01
1.191945641273821721e+01,-2.161099211025781397e+00,-1.646261409129487063e+01,2.189259821982146548e+01
1.047835319365581697e+01,1.729980852489658050e+00,-7.818478745609098723e+00,1.925663257299151354e+01
9.256808544166156949e+00,3.635071832091924193e+00,4.837931787079923218e+00,1.544491338708050776e+01
8.193358137879076963e+00,3.653967216035305832e+00,1.442170918028689997e+01,1.184104983564434832e+01
6.611900526919177956e+00,1.660131795436016633e+00,1.679337321091673374e+01,8.944707014080858443e+00
4.425111862355141312e+00,-2.244023815938887445e+00,1.298463463628931791e+01,6.946182308181803045e+00
2.648734188129730605e+00,-7.225606546698349675e+00,7.204140620641498849e+00,6.205840575945469340e+00
2.502042497757483996e+00,-1.205449902285122121e+01,3.002806990477053795e+00,6.841602303311773881e+00
4.335218930343869737e+00,-1.600409160189894919e+01,1.035835439271285185e+00,8.434153160468909505e+00
7.648357876611104444e+00,-1.921908214596562203e+01,-2.918117172320235930e-01,1.056891089153568153e+01
1.172124011079926476e+01,-2.202045197623560213e+01,-2.663140929659756129e+00,1.319303877285032378e+01
1.575041485388752172e+01,-2.385632760728944390e+01,-6.270050526142700420e+00,1.594414991836222484e+01
1.864521759864721417e+01,-2.307441994120683759e+01,-9.777203235984167407e+00,1.757903134033893622e+01
1.936896748858857720e+01,-1.795249441703964166e+01,-1.135446885370536840e+01,1.681574824321693384e+01
1.768079666804708339e+01,-8.294978423676026225e+00,-9.773997165909737106e+00,1.368148957851703429e+01
1.426665927050683003e+01,3.605496376802576286e+00,-4.964242713904901017e+00,9.502537068113600327e+00
1.009375793290489653e+01,1.345919738692808032e+01,1.986109981136805702e+00,5.640489429053356929e+00
5.888572190425572117e+00,1.686993975333813012e+01,9.162309932390870770e+00,2.738727660729748603e+00
2.163230707676917497e+00,1.171728571531901508e+01,1.438957894120281544e+01,1.045625070147325308e+00
-7.751696682436692853e-01,-3.455973850853474305e-01,1.595580329516430673e+01,6.594509749750774308e-01
-3.088999525283660397e+00,-1.437189243564291985e+01,1.326586249024427211e+01,1.184272683303782436e+00
-5.294040666203919443e+00,-2.452963763720284263e+01,7.131193908218945055e+00,1.778356806784644029e+00
-7.494816270919833379e+00,-2.704544842974934582e+01,-4.641361492101880870e-01,2.007030389510697344e+00
-8.936912980457043076e+00,-2.187980615043101551e+01,-7.086071334424342893e+00,2.293551850974372197e+00
-8.709337925244424738e+00,-1.226911561209235479e+01,-1.084127081981428553e+01,3.151190206668798677e+00
-6.830942894614432603e+00,-2.704490159402474614e+00,-1.117399087270993974e+01,4.310051984765348898e+00
-4.314906844492317539e+00,3.318065668249168709e+00,-8.930969274765455879e+00,5.061846262562294640e+00
-2.133534491019954515e+00,4.661702406630094941e+00,-5.582617839518338343e+00,5.274066262096723356e+00
-3.074214363840071518e-01,2.607595569689603821e+00,-2.170155019241530425e+00,5.657373361966889114e+00
2.036082663585216501e+00,-2.022622246935051049e-01,1.225768536254882690e+00,7.145085173752613095e+00
5.842180200729912620e+00,-1.397635512439205918e+00,5.148023578486004226e+00,1.023674548297357312e+01
1.112017766703026567e+01,-3.310906300365879518e-01,9.846898259785719532e+00,1.456406199307621030e+01
1.638670681228285986e+01,1.516441117767611590e+00,1.443578234865550236e+01,1.860311271606131811e+01
1.932070371000924780e+01,1.682250310645079683e+00,1.676476934191175516e+01,2.020184903463441373e+01
1.860223276711168694e+01,-1.164616310679034816e+00,1.431422712687396270e+01,1.828230394350797283e+01
1.528978295288297140e+01,-5.831187281582730364e+00,5.823377003005142605e+00,1.412712569389413453e+01
1.196556851713287806e+01,-9.339437475087201790e+00,-7.207930127190481429e+00,1.028336525290522729e+01
1.027577918929952894e+01,-9.324449787742876694e+00,-2.027129845417943699e+01,7.950527964912644130e+00
9.559098535409294328e+00,-5.932381473508948844e+00,-2.760011534535905398e+01,5.989740895940122378e+00
7.995033591541504059e+00,-1.496207486852799029e+00,-2.540958094321548444e+01,2.706733709770098528e+00
4.697575560562937902e+00,1.539897916516147047e+00,-1.459401848454684725e+01,-2.016924077383450253e+00
4.488338495901628145e-01,2.396029581572312495e+00,-5.976127311220481575e-01,-6.705783935481008484e+00
-3.149666684342011802e+00,1.988594570292683716e+00,9.922603778218933357e+00,-9.730356634740696009e+00
-4.737112865820225061e+00,1.625453401530340347e+00,1.333029583658932360e+01,-1.017366563866979057e+01
-3.755324953659389120e+00,1.791431144386781638e+00,1.091652136399202000e+01,-7.852932172826020185e+00
-7.840165764919182489e-01,1.921541715024029706e+00,7.122610678823354746e+00,-3.493627095746470790e+00
2.441691046202423276e+00,1.006174299046637133e+00,5.704487664684690706e+00,1.077297748965063251e+00
3.844001160427987784e+00,-1.574244440554954272e+00,6.975850505380398303e+00,3.700347476539159075e+00
2.317430503850490986e+00,-5.399804602404692844e+00,8.163855367663574114e+00,3.282950230170749606e+00
-1.596574342840326288e+00,-8.784730419120304390e+00,6.253769058669507608e+00,3.602337687554311163e-01
-6.134643600969732269e+00,-9.300633382665425941e+00,7.345567230099984135e-01,-3.534081778561484644e+00
-9.200697089957147412e+00,-5.222395792489842314e+00,-6.019229584622818763e+00,-6.640131034942766242e+00
-9.194876384697979077e+00,2.771570310961044115e+00,-1.078815046804951194e+01,-7.436499951177490075e+00
-5.829783466082767873e+00,1.113831137880811895e+01,-1.199489055320194097e+01,-5.355370279426288960e+00
-5.754535924286319215e-01,1.522416037347944595e+01,-1.054663623154108087e+01,-1.490690629062738415e+00
4.125620763870099239e+00,1.234580265711800351e+01,-8.606389506864109862e+00,1.992398318096313625e+00
6.663342235410072867e+00,3.893522290208680126e+00,-7.659926370984684318e+00,3.697773728963772211e+00
7.333285130948404174e+00,-5.279874685912230525e+00,-7.630231894976603257e+00,3.998519463361389192e+00
7.497908829721517954e+00,-9.831325237256416827e+00,-7.570677520373071623e+00,3.956741139603040747e+00
7.934019631374491510e+00,-7.140277946241422313e+00,-6.895767462131497716e+00,3.752895899988546446e+00
8.257302297486903697e+00,1.389533400237684235e+00,-5.771164664881856865e+00,2.669701611665691310e+00
7.646693690958450418e+00,1.153462252602947835e+01,-4.439078386487144812e+00,1.850086459368857073e-01
5.633369506238782520e+00,1.885121925439487356e+01,-2.507248843903929103e+00,-3.587208990231691264e+00
2.306162253907619863e+00,2.096827322022139839e+01,7.877569017557959352e-01,-8.250715347956601775e+00
-1.696672450119903752e+00,1.839915293240127525e+01,5.457885479298917097e+00,-1.313625467478152764e+01
-5.307388018052547451e+00,1.362890239624658939e+01,9.903229658013152914e+00,-1.703531430570092198e+01
-7.627404545984202144e+00,9.157706075452543004e+00,1.139314591997535686e+01,-1.877213695301371743e+01
-8.679366688152098774e+00,5.834475602098563307e+00,7.896168901049118283e+00,-1.834959948884786485e+01
-9.338129751102048459e+00,2.678987528506075133e+00,-8.804953806482551659e-03,-1.705316598861446309e+01
-1.038172922461714975e+01,-1.711784502029220612e+00,-8.813023324266934466e+00,-1.622379526017579821e+01
-1.181771324861568750e+01,-7.373993559827621169e+00,-1.402656623263860780e+01,-1.629660393384875050e+01
-1.312174042022544107e+01,-1.235611943863984763e+01,-1.321954886059553758e+01,-1.698184273554878487e+01
-1.366393314491212685e+01,-1.385450822892581080e+01,-7.748355221347885902e+00,-1.759092091333925723e+01
-1.273999337357039607e+01,-1.022395553148724012e+01,-1.549472367834376918e+00,-1.686658693273937004e+01
-9.841953724497157552e+00,-2.298092064854530658e+00,2.053214865097381381e+00,-1.339297064172454022e+01
-5.575907812196767566e+00,6.923785632941951818e+00,2.627246288154036602e+00,-7.161801336246783833e+00
-2.010219560341543588e+00,1.395102763121276546e+01,2.015847062097770426e+00,-5.213732844069663974e-01
-1.181968396709164537e+00,1.674794967548278635e+01,1.836589542263228347e+00,3.338879138720207695e+00
-2.848409211891538284e+00,1.574218155505166550e+01,1.869083218101198707e+00,3.189402670036289411e+00
-4.124640868463867349e+00,1.318919712770771646e+01,8.065277539889290637e-01,8.353291317007095484e-01
-1.864794425244527654e+00,1.129913503924295703e+01,-1.803269582073871113e+00,-5.160765375522035070e-01
4.381935202608680413e+00,1.063772380661187356e+01,-4.671565735822902354e+00,1.297455727100028433e+00
1.159381851046514278e+01,1.016933722131206075e+01,-5.839254174104276274e+00,6.111833175417607400e+00
1.527467039609344290e+01,8.710614428236869600e+00,-4.508432775114901148e+00,1.162588414900658584e+01
1.256769059247005949e+01,6.163758478504276717e+00,-1.695630588624848611e+00,1.467243962135483848e+01
4.219449680320283669e+00,3.323818113887243797e+00,9.734364599793621231e-01,1.317322965058921724e+01
-5.978824580947015299e+00,7.714303428235336213e-01,3.033961856199641538e+00,7.627587431803386941e+00
-1.385705275338482778e+01,-1.671122688555961355e+00,5.592461928501047730e+00,7.009554553023532586e-01
-1.751710593475735322e+01,-4.293659051970567297e+00,9.917453458306750846e+00,-4.801310451953202829e+00
-1.787248027884677271e+01,-6.604955527403604698e+00,1.577025548598779103e+01,-7.535649275775067046e+00
-1.712589857145637140e+01,-7.529367668660412960e+00,2.133243862770991228e+01,-7.676872636722702481e+00
-1.715682457935780647e+01,-6.759804247430799329e+00,2.478630209935375106e+01,-6.419785122632055696e+00
-1.911318075967071906e+01,-5.841649822776776801e+00,2.578109520644362007e+01,-5.778633005262850730e+00
-2.341685790591798977e+01,-7.548214137310223393e+00,2.524723038162568756e+01,-7.780304285959277699e+00
-2.914111308167728254e+01,-1.367906311723066004e+01,2.393150842060019556e+01,-1.250341738130989633e+01
-3.358025768727744520e+01,-2.305161788185535698e+01,2.141215970626650389e+01,-1.691660339116258882e+01
-3.354678684518560772e+01,-3.159958840299485061e+01,1.681164174598443495e+01,-1.674466819466362466e+01
-2.789287379491411656e+01,-3.493185349931992789e+01,1.061309249533615962e+01,-1.017834149371450359e+01
-1.877956682431909741e+01,-3.164136865462869252e+01,5.617960574587320011e+00,3.286568530749138239e-01
-1.028169597598841278e+01,-2.472509239299085237e+01,5.491667331003298180e+00,9.924822385918355749e+00
-5.650400236509180552e+00,-1.963342215493116427e+01,1.153747281019630400e+01,1.481300293369480947e+01
-5.523320020304629097e+00,-2.012086724372881363e+01,2.054680831895346671e+01,1.435122889241798205e+01
-8.018843945909452486e+00,-2.512651441083304960e+01,2.632325071915382608e+01,1.090200571531872242e+01
-1.019709575677698332e+01,-2.937672104745520230e+01,2.429740718151052903e+01,8.095705574456841802e+00
-9.958677632001361246e+00,-2.744522947060638884e+01,1.539513630495730645e+01,8.409688416263907840e+00
-7.326124523811624378e+00,-1.809260117546406832e+01,5.537129433358269459e+00,1.141540075534600795e+01
-4.111425603817969510e+00,-5.371943949364014870e+00,1.007495565159008510e+00,1.431054907102078388e+01
-2.116597675257174682e+00,4.408943912951944100e+00,3.709756550772322026e+00,1.460954364630542912e+01
-1.605415826478433727e+00,7.353356118778243911e+00,1.028499534527598058e+01,1.235423254904767809e+01
-1.612365043569619960e+00,4.437143714036680286e+00,1.537294569806809719e+01,9.534034190728627678e+00
-1.473504424868990137e+00,-3.384389152423269986e-02,1.574953787901734259e+01,7.674247369783471662e+00
-1.571443024977674074e+00,-2.223600935530777090e+00,1.196200568776351858e+01,6.468709021175158114e+00
-2.556552433510400846e+00,-1.377359570980158487e+00,6.875602322245868869e+00,4.557883592861270650e+00
-4.298313427706373702e+00,5.971424634635900119e-01,3.082507517733677815e+00,1.040142548429327407e+00
-5.812497805632654391e+00,1.463047992258504459e+00,1.363670859421505233e+00,-3.710164512416319393e+00
-5.949364171881344809e+00,4.857813555973991004e-01,9.424150752078542803e-01,-8.028879713864087719e+00
-4.079759869966675723e+00,-1.514044094712175825e+00,7.581641639342727723e-01,-9.683298235951824040e+00
-5.657050579290452408e-01,-3.307337929648435093e+00,4.381286189975494572e-01,-7.449854112238866399e+00
3.125219089109915416e+00,-4.271192995392492975e+00,2.382377345478228492e-01,-2.538927389923707256e+00
5.140895823443779378e+00,-4.496154186727320479e+00,3.762995953824867512e-01,1.970343415197278736e+00
4.617856812729092653e+00,-4.180995346783003441e+00,7.336717907535664773e-01,3.651085504284486749e+00
2.376700611689910314e+00,-3.077906844074680404e+00,1.233664749596515842e+00,2.569053119439079325e+00
6.121857971449257141e-02,-6.108426642989673860e-01,2.187539527361492819e+00,4.961006088728411312e-01
-1.287471765700124227e+00,3.402960132791572612e+00,3.939178890541998879e+00,-1.134909446610235184e+00
-1.631718223490299824e+00,8.162933799584715544e+00,6.214127010378189375e+00,-1.995767778066750653e+00
-1.282285743946468548e+00,1.211559540157925419e+01,8.136963863985828382e+00,-2.140666326688485555e+00
-4.265643908343719759e-01,1.388638294220652192e+01,9.023188113083316253e+00,-1.474837653230263168e+00
6.961622176022344011e-01,1.307712315783138912e+01,8.920889218200750648e+00,-1.546730282428263915e-02
1.680558511833028401e+00,1.031722836322782300e+01,8.128401117961024269e+00,1.940485896379844144e+00
2.234431346778228633e+00,6.803309766887690735e+00,6.335176864000401586e+00,4.010940567900532550e+00
2.274242298167143073e+00,3.880446785726386683e+00,2.722331371979699099e+00,5.593081233367687588e+00
1.623934151871825549e+00,2.691779282220716052e+00,-2.736600033191161518e+00,5.546952191373908825e+00
-4.066697117527301453e-03,3.599970496644076423e+00,-8.177724107808648668e+00,2.790858075334412547e+00
-2.454993861194046278e+00,5.676686345969321756e+00,-1.050724162762217340e+01,-2.329819756807486097e+00
-4.834556508928482543e+00,7.098539225180436674e+00,-7.659528506394253533e+00,-7.690871258059405413e+00
-6.130687740392271934e+00,6.573954897464735048e+00,-4.988826296428600648e-01,-1.089421241699058740e+01
-6.080715167317032765e+00,4.603103034345958022e+00,7.475319545725887416e+00,-1.105307164082662119e+01
-5.260340268821594556e+00,3.218615472959136525e+00,1.247072261731764975e+01,-9.066151354444100363e+00
-4.501101919873108592e+00,4.254325189480610447e+00,1.278376256179214465e+01,-6.679329306077034900e+00
-4.414037093423581304e+00,7.629730353854213831e+00,9.322032638836779128e+00,-5.591307543667009661e+00
-5.123175340244130460e+00,1.116811958450570152e+01,4.235344922610955187e+00,-6.717519160668574685e+00
-5.897443050357259686e+00,1.218272234959408706e+01,-7.331169680370229758e-01,-9.280802895904585625e+00
-5.125519250902539348e+00,9.643398047784211613e+00,-4.780878956772817823e+00,-1.067317279277358466e+01
-1.377102183866778295e+00,5.248173404544924203e+00,-7.619321733255977058e+00,-8.217627249094290320e+00
5.000485015661870314e+00,2.479595233978170388e+00,-9.113359348681793648e+00,-1.725906892414069249e+00
1.143311540351108846e+01,4.187424591696201404e+00,-9.333875553047743523e+00,5.770035923865733274e+00
1.456608386560043122e+01,1.036399842872329913e+01,-8.475540591580919880e+00,9.988799177452984068e+00
1.246724462688941415e+01,1.773959729836200339e+01,-6.459151294617985428e+00,8.252947197521672607e+00
5.930966397604561458e+00,2.163119847256920636e+01,-2.983046299361172604e+00,1.108459939064733835e+00
-1.824162165932980084e+00,1.894482676145408462e+01,1.490838347783591589e+00,-7.906460031213448758e+00
-6.857842562108230844e+00,1.038199412200942184e+01,4.842350474910888103e+00,-1.409195403672367952e+01
-6.868542262746451854e+00,3.062824135996998764e-01,4.118273993696395685e+00,-1.441508412103090286e+01
-2.792071172937278245e+00,-5.815050008765441092e+00,-1.927388428280842891e+00,-9.684060542230517044e+00
1.836949649058135403e+00,-4.831809372339266773e+00,-1.085438945482196083e+01,-3.999628442943868212e+00
3.556059252975899199e+00,2.110615791481968984e+00,-1.753426124808825293e+01,-1.559107859423836340e+00
1.390360970941047825e+00,1.048705623526180375e+01,-1.792632744277162615e+01,-3.691400373958389380e+00
-3.028518935870000650e+00,1.559261314886240157e+01,-1.248753039949240851e+01,-8.649953462235734136e+00
-7.186027188491901363e+00,1.565673396494177183e+01,-5.908789380808457281e+00,-1.352237466563927804e+01
-9.275110652058000227e+00,1.255703354969475960e+01,-3.080763373741113753e+00,-1.595711938787627737e+01
-8.727410558113650296e+00,9.744491865163318778e+00,-4.856738513824882197e+00,-1.489839147795393259e+01
-6.177388544483439325e+00,9.220901456901414051e+00,-7.538155174435096306e+00,-1.096773001823802751e+01
-3.105645640545019237e+00,1.010924014894698786e+01,-6.522317602348066679e+00,-6.349701635527433830e+00
-8.306518989305541334e-01,9.934908686289332991e+00,-6.874948032064556180e-01,-3.388339318925861043e+00
6.349065663152724248e-01,7.347144101659914384e+00,6.437066551253317392e+00,-2.687970484623919631e+00
2.439258994715724604e+00,3.736202429266099578e+00,9.652702702562962145e+00,-2.888632932003559972e+00
5.233841271816849883e+00,2.252624322975975257e+00,6.561618625556159046e+00,-2.564063361947683806e+00
7.898513318136632044e+00,5.155192052711162098e+00,-2.959565490045373282e-01,-1.935967845440502710e+00
8.414600290706665930e+00,1.187201419332743590e+01,-5.440290571429717836e+00,-2.380750180590002874e+00
6.073256492946823570e+00,1.930880972603649681e+01,-4.946265987148479759e+00,-4.594369759898326855e+00
2.530306331455643321e+00,2.382483553384600228e+01,2.918513763962395924e-01,-7.645230378580333053e+00
5.501137564035079031e-01,2.312186879885161161e+01,5.279138808540887240e+00,-9.619208558442819523e+00
1.727987979840439614e+00,1.694873053420174713e+01,5.089609943346727228e+00,-8.932090657466121186e+00
5.217246914521380674e+00,6.848771715466835275e+00,-9.692828413963652245e-01,-5.460956589533941141e+00
8.358569569874601868e+00,-4.358476768584710115e+00,-8.714489062280968312e+00,-1.009395136250534897e+00
8.692942525995709602e+00,-1.318701793589424831e+01,-1.250433689043887675e+01,1.579483415129428803e+00
5.908389934528559095e+00,-1.646531179591332261e+01,-9.740182510381814041e+00,5.864683886334742802e-01
2.070759326560459357e+00,-1.267285608854283829e+01,-2.640565865328339257e+00,-3.049655089492175009e+00
-3.015419638269849489e-01,-2.968047784111702558e+00,3.859673559018801825e+00,-6.731702505334891562e+00
-5.831613349478611541e-01,8.941741605825821892e+00,5.769219602179646245e+00,-8.784976289633199542e+00
-3.837074397779293156e-01,1.835555795062114370e+01,2.170123719320555367e+00,-9.652401941299538990e+00
-1.603349197416287453e+00,2.187796451209132442e+01,-5.071053854724179466e+00,-1.062443302486928687e+01
-4.457239217848374402e+00,1.914498311109467465e+01,-1.272571546311868218e+01,-1.212231576974293290e+01
-7.459378295923858815e+00,1.286054793518055916e+01,-1.751835238872614653e+01,-1.351254505538107686e+01
-8.919268834538515378e+00,7.059391308253137431e+00,-1.724207102803013925e+01,-1.396410865069635499e+01
-8.220299820521756118e+00,4.693196118520159388e+00,-1.175796688179189431e+01,-1.299474992322851108e+01
-6.067290517895477464e+00,6.066674205383905338e+00,-3.266447007848732653e+00,-1.066375176656274526e+01
-3.965334064593447394e+00,9.020497382399685904e+00,4.727951692604457357e+00,-7.843141486254029182e+00
-3.227371734653429414e+00,1.057867369257779089e+01,9.255387322094863478e+00,-5.981796864245798595e+00
-3.918561011691574336e+00,8.867513178759580228e+00,9.250628410697645521e+00,-5.903302622558936008e+00
-4.708076149580489478e+00,4.054467382070527037e+00,5.656685791259754126e+00,-6.879988774730102286e+00
-4.111402278097520124e+00,-2.105311813939613863e+00,5.357246498062557816e-01,-7.399513132385317604e+00
-1.923739015084805937e+00,-7.440175125120370048e+00,-4.013429813676260949e+00,-6.763286464407610055e+00
8.059835090388887124e-01,-1.022973779051031684e+01,-6.599725025306573123e+00,-5.445134441865926433e+00
3.062869166261471321e+00,-9.435943555252825021e+00,-6.859954511073145689e+00,-4.069375873250611342e+00
4.653765440532213304e+00,-4.783668710332674046e+00,-5.400453535963319673e+00,-2.804075585701917728e+00
5.735429453257984811e+00,2.909565590008320601e+00,-3.377234088824970115e+00,-1.854296494916808147e+00
6.164041518134403930e+00,1.152341718161631690e+01,-1.847416197367960589e+00,-1.769536665168399026e+00
5.624752396858956338e+00,1.820175551639067990e+01,-1.202750577124069631e+00,-2.846408510209731180e+00
4.052808872953040265e+00,2.068884482696985927e+01,-1.000579511795141929e+00,-4.706421518516222591e+00
1.639124384762203457e+00,1.858374642198498705e+01,-3.461206126129492966e-01,-6.802795905872798699e+00
-1.277684601655120655e+00,1.358045319869248502e+01,1.282939655632626241e+00,-8.877862531135546575e+00
-4.015472374626994245e+00,8.488978681065225018e+00,3.280511022603061821e+00,-1.055202182980060854e+01
-5.573804843859279323e+00,5.668935501879793115e+00,4.014273859942614209e+00,-1.100238643916571668e+01
-5.405757241582863415e+00,5.796737638629775979e+00,2.103024837951177783e+00,-9.734272738832400407e+00
-4.195406711217237294e+00,7.573927516015331207e+00,-2.056411319057990905e+00,-7.502321321492127382e+00
-3.501430721096150833e+00,8.495838107779498216e+00,-6.161976257848370331e+00,-5.901228825467709882e+00
-4.480863947199765107e+00,6.415267875357121952e+00,-7.822128542575820020e+00,-6.036111436157994170e+00
-7.033611762008911583e+00,1.201890710913882332e+00,-6.720243318532949317e+00,-7.865606978059844323e+00
-1.003191015323522173e+01,-4.637475197646860003e+00,-4.874998408754454005e+00,-1.053825827848281449e+01
-1.207314380079429661e+01,-7.244834669893117862e+00,-4.597728706309693436e+00,-1.278047313707642907e+01
-1.213395501545479505e+01,-4.085168916121686422e+00,-6.100082185937774959e+00,-1.314856955873696975e+01
-1.006504900173411343e+01,3.976312866780995492e+00,-7.030725741013937657e+00,-1.080550764662132757e+01
-6.763611850503249201e+00,1.303585599793687244e+01,-4.433410196523524860e+00,-6.457247316538587079e+00
-3.609108855075102262e+00,1.881934732698613644e+01,2.407154590904982960e+00,-2.065038361165030256e+00
-1.446403836896535289e+00,1.952296879103469252e+01,1.050184295212309848e+01,7.245143103605432566e-01
-1.905828469678725878e-01,1.658191259751588831e+01,1.448760723199245248e+01,1.625568620195452674e+00
5.540440471382032106e-01,1.294955330085063316e+01,1.021151233693976401e+01,1.170703634575886554e+00
8.414345022295065535e-01,1.054060756403142740e+01,-1.868668191625238562e+00,-2.226130541044366029e-01
5.766571817651522380e-01,9.048931362681784663e+00,-1.621080987638449145e+01,-2.226811417513617997e+00
2.098693450157281676e-02,6.989111231084729425e+00,-2.541920773432349989e+01,-4.186372057189959861e+00
-3.067212531093697070e-01,3.751697270247942306e+00,-2.502282425050268699e+01,-5.398373739381017167e+00
-9.101344030223743053e-02,5.822471135521256613e-01,-1.624597461042275981e+01,-5.646176148415637641e+00
7.596357402033905304e-01,-4.698283943084860526e-01,-4.720780041589203613e+00,-5.019654307732504428e+00
2.361803248260413213e+00,1.439899328836943493e+00,3.697180539168311242e+00,-3.521620464382767324e+00
4.599944793198368131e+00,4.976517619445093743e+00,6.633647159980371910e+00,-1.485218102583562239e+00
6.595863263357886197e+00,7.672819364979453383e+00,5.635850842263157467e+00,-1.546945464856664954e-01
6.976343557090970648e+00,8.098074102740827840e+00,3.419007653439563477e+00,-9.575715141942168218e-01
4.984898282392586033e+00,7.181550986856120034e+00,7.401102677632727112e-01,-3.946811907421654109e+00
1.144081864852055874e+00,7.377784234143602404e+00,-4.025576570640095220e+00,-7.566642161854409743e+00
-3.214609023635361051e+00,1.026745214215416624e+01,-1.221593684203626573e+01,-1.024000179093882679e+01
-6.660027915391394160e+00,1.475584368435212035e+01,-2.201018497918031258e+01,-1.168057522842639706e+01
-7.794782610928317368e+00,1.769020398561541896e+01,-2.870311006566236856e+01,-1.239659836635920520e+01
-5.453381629878781389e+00,1.654029951576158908e+01,-2.830197593541992873e+01,-1.258336490739590552e+01
2.821888736606257830e-01,1.176830781536378367e+01,-2.106672627817294696e+01,-1.214586410559529739e+01
7.147092873987113570e+00,6.667863547610535235e+00,-1.156241158090109700e+01,-1.145365637401852332e+01
1.141113514987661937e+01,4.705601868369059027e+00,-5.211755091888204738e+00,-1.135642559618596970e+01
1.015602849774765915e+01,6.654382957457380954e+00,-4.464145554209416389e+00,-1.241612156683818036e+01
3.260124448011600506e+00,9.997621254316918282e+00,-7.583588972696906794e+00,-1.443266420342186684e+01
-6.378256481585188098e+00,1.108193745462549806e+01,-1.047875995840416330e+01,-1.649468645525141852e+01
-1.429573128370602397e+01,8.133151353648077730e+00,-9.746613921381662493e+00,-1.706938289513522022e+01
-1.676243273818836599e+01,2.573107201946370548e+00,-4.780377760031382373e+00,-1.445757547707652435e+01
-1.298405827230551068e+01,-2.419768029694393086e+00,2.098412760429794410e+00,-8.197874357844844084e+00
-5.891838667538530139e+00,-4.779977209621992351e+00,7.266585970186540067e+00,-3.451930525737572086e-01
-4.491195861401008349e-01,-5.273932963110400607e+00,8.208953950011771639e+00,5.365597225200400722e+00
-3.151817588001995518e-01,-6.544531868895051119e+00,5.356271963917154544e+00,6.286099093722817166e+00
-5.547460027426049933e+00,-1.050088876903081392e+01,2.031376414738059299e+00,2.779746412028922364e+00
-1.316218741867572284e+01,-1.662789883690234660e+01,2.163319117264280056e+00,-2.545196865006546627e+00
-1.959005840013714561e+01,-2.268874140688791385e+01,7.221771566832509315e+00,-6.973883024264743824e+00
-2.274946569802396112e+01,-2.677865179249240413e+01,1.486355058136573426e+01,-8.933252627461904183e+00
-2.264429878959145270e+01,-2.856892561424308852e+01,2.064135692010227885e+01,-8.015757763874983510e+00
-2.079698749323859630e+01,-2.885212542128004642e+01,2.153423970760947270e+01,-4.732495391215822522e+00
-1.901642725771203857e+01,-2.839372219547596288e+01,1.839026100029623834e+01,-2.202518827838140514e-01
-1.805642748228335037e+01,-2.750396056790379617e+01,1.518186008360235206e+01,4.345464985887347531e+00
-1.717544620914441467e+01,-2.655739421960949187e+01,1.557830140964201071e+01,8.148811208213540880e+00
-1.514578124389686486e+01,-2.646280299991835250e+01,1.958638110720711722e+01,1.049197020905745781e+01
-1.168006664419666052e+01,-2.813606240818112170e+01,2.310641306265745598e+01,1.069678424666668803e+01
-7.678794275225815369e+00,-3.123173896226056812e+01,2.105562335787205086e+01,8.925163274861203533e+00
-4.218555964824505899e+00,-3.348061180743468412e+01,1.179976431216217314e+01,6.867602227097265200e+00
-1.690803859619055993e+00,-3.173965125257689834e+01,-7.222682962701334475e-01,6.715672248184206161e+00
8.263687848552073167e-02,-2.431484195033425877e+01,-9.238672843403676893e+00,9.099580859226502838e+00
1.374369577495020200e+00,-1.271077195882145539e+01,-8.275937864579095304e+00,1.243928212322727411e+01
2.407445456755331836e+00,-1.190110007138675874e+00,1.846870511234297574e+00,1.448869770038973037e+01
3.341932453167152151e+00,5.711662345498544013e+00,1.532659397295634029e+01,1.416633806276218799e+01
4.159388321074832362e+00,5.917924532145353744e+00,2.502320493438467608e+01,1.194569672344753641e+01
4.817438425300578864e+00,8.787642089549884128e-01,2.689523574477366807e+01,9.257164239670888861e+00
5.723924283066653906e+00,-5.610163652001642021e+00,2.139271834963402696e+01,7.894945270220610212e+00
7.722577552430430536e+00,-9.884248297972673569e+00,1.157101981563710424e+01,9.230613979011422998e+00
1.119882861583373845e+01,-1.053581894194815227e+01,5.161939301114347733e-01,1.306017044888725032e+01
1.531207591965097237e+01,-8.903085446666658243e+00,-9.489048574177097350e+00,1.728881846438085645e+01
1.846480757958371655e+01,-7.666735941841722024e+00,-1.626225380862634040e+01,1.940329296977895979e+01
1.954025169449674237e+01,-8.509828924888813262e+00,-1.757985326873811971e+01,1.844225857763676046e+01
1.852413247425677767e+01,-1.058467705391257851e+01,-1.263936585992752448e+01,1.538603365349213981e+01
1.615995933929607631e+01,-1.114426608745995395e+01,-3.602982303817554133e+00,1.195879844846622575e+01
1.347470969703114818e+01,-8.005185096414491497e+00,5.007507554523067839e+00,9.592384773293504807e+00
1.159197264391441173e+01,-1.779374838038973783e+00,9.081199111897173992e+00,9.259746624928794745e+00
1.135438830471502669e+01,4.199325972090949932e+00,7.402038143546682214e+00,1.126211493505206107e+01
1.268363614248443483e+01,6.362604423045298496e+00,1.713242782791029928e+00,1.466510461250479835e+01
1.449253225766282682e+01,3.734654676492997538e+00,-5.155645177708478855e+00,1.748418490297783379e+01
1.548815571474304242e+01,-1.327092803119334752e+00,-1.096330365214932279e+01,1.804093755007890465e+01
1.499873887288743646e+01,-5.088257301552211231e+00,-1.437655875445686426e+01,1.612765309394921331e+01
1.306502172439107667e+01,-5.380688369684186512e+00,-1.464238739178588133e+01,1.281819934093510049e+01
1.019389706640930982e+01,-3.071880986122881296e+00,-1.172199973203240297e+01,9.589271062190695361e+00
7.322205638465443478e+00,-9.960030866833672336e-01,-6.909244434214444119e+00,7.799469224325631167e+00
5.635325249658601265e+00,-1.462605448392810592e+00,-2.959880519064068682e+00,8.305728470401437136e+00
5.872972671843736059e+00,-4.502594626676638789e+00,-2.891515189171845801e+00,1.082580558386381320e+01
7.798985617080563593e+00,-8.158001201062930363e+00,-7.762688242886333079e+00,1.388503568458033399e+01
1.058702277508658085e+01,-1.028532093016482385e+01,-1.506149588145000173e+01,1.604001096653848535e+01
1.356119385717864567e+01,-1.017851339277646794e+01,-1.955166002686064530e+01,1.714482620341231822e+01
1.622504795031954217e+01,-8.747436067914911462e+00,-1.674015699565859094e+01,1.797529794766519373e+01
1.780975707251406703e+01,-7.422542377465919827e+00,-6.614301831431474099e+00,1.878557053369132746e+01
1.753647591615630574e+01,-6.967813824957572066e+00,5.546772982294585930e+00,1.894605241191898415e+01
1.566950392944782422e+01,-7.145969477084821442e+00,1.239173990197200226e+01,1.814084504834347911e+01
1.391916532764460612e+01,-7.193111812142591432e+00,9.531870701283425618e+00,1.727464851708937843e+01
1.429058032086630092e+01,-6.449013581699445830e+00,-1.382086399771796259e+00,1.776211539515476190e+01
1.736116431341963917e+01,-4.719197152239505755e+00,-1.382514125404986061e+01,2.012240235038450464e+01
2.159471752913256992e+01,-2.426160976202751396e+00,-2.090462202377311840e+01,2.335434678606693026e+01
2.417389408103476356e+01,-6.240066958747142456e-01,-1.989365034498899831e+01,2.533678297822025982e+01
2.271282716711951721e+01,-6.555883853401960337e-01,-1.355047088797739185e+01,2.392126759377866918e+01
1.691725346302386868e+01,-3.339485068378762911e+00,-7.474568565624023719e+00,1.856406242764324332e+01
9.137774045371953591e+00,-8.200241710990697541e+00,-5.752701808663045036e+00,1.155902720654774463e+01
2.998250660180740379e+00,-1.357552242710029233e+01,-8.249989982371332076e+00,7.100051684859701062e+00
7.601092722839235538e-01,-1.776752229777634184e+01,-1.133548861992638557e+01,8.088099636544589188e+00
1.728423262037192432e+00,-2.029791236784783948e+01,-1.112534080795236768e+01,1.358388309212689649e+01
3.327275499517882817e+00,-2.205765522931256584e+01,-6.635100537923828590e+00,1.969563696587414370e+01
3.659451631272351069e+00,-2.417192104898747118e+01,-5.370985257377461908e-01,2.294462439666881792e+01
2.915933151671717294e+00,-2.669813855791956314e+01,2.918292415130345319e+00,2.268007143341134224e+01
2.744938529260426918e+00,-2.844077610334203143e+01,1.136937572346568448e+00,2.093225717333956837e+01
4.917511679675736325e+00,-2.800880937234176926e+01,-4.954153518806734269e+00,2.088538328618458095e+01
1.035262646212535564e+01,-2.500438742713427231e+01,-1.176103808356720748e+01,2.507484115287293491e+01
1.816267464834119139e+01,-2.021227004000683536e+01,-1.568409857077215541e+01,3.319166815816881666e+01
2.485951444909097674e+01,-1.478763883292130110e+01,-1.531832049585186617e+01,4.046458354968638815e+01
2.537519066603631757e+01,-9.406365755083538005e+00,-1.162724617633145208e+01,3.931596810400351671e+01
1.659807858900351363e+01,-4.141818613601209620e+00,-6.450918823418085424e+00,2.492175634278823892e+01
7.757300873374685102e-01,1.113980237252943040e+00,-9.851472141951987949e-01,3.717580409045171397e-01
