8.884615478515625000e+02,8.534066162109375000e+02,8.493773193359375000e+02,8.755677490234375000e+02
8.300366210937500000e+02,8.554212646484375000e+02,8.505860595703125000e+02,8.534066162109375000e+02
8.534066162109375000e+02,8.542124633789062500e+02,8.497802124023437500e+02,8.614652099609375000e+02
9.202930297851562500e+02,8.505860595703125000e+02,8.526007080078125000e+02,8.888644409179687500e+02
9.154578857421875000e+02,8.505860595703125000e+02,8.562271118164062500e+02,8.880585937500000000e+02
8.477655639648437500e+02,8.538095092773437500e+02,8.554212646484375000e+02,8.590476074218750000e+02
8.328571166992187500e+02,8.546153564453125000e+02,8.521978149414062500e+02,8.493773193359375000e+02
8.957142944335937500e+02,8.473626098632812500e+02,8.517948608398437500e+02,8.836264038085937500e+02
9.239194335937500000e+02,8.493773193359375000e+02,8.530036621093750000e+02,8.945054931640625000e+02
8.602564086914062500e+02,8.566300659179687500e+02,8.509890136718750000e+02,8.562271118164062500e+02
8.187545776367187500e+02,8.554212646484375000e+02,8.513919677734375000e+02,8.413186645507812500e+02
8.759707031250000000e+02,8.513919677734375000e+02,8.526007080078125000e+02,8.683150024414062500e+02
9.138461303710937500e+02,8.457509155273437500e+02,8.534066162109375000e+02,8.860439453125000000e+02
8.667033081054687500e+02,8.413186645507812500e+02,8.590476074218750000e+02,8.747619018554687500e+02
8.119047851562500000e+02,8.473626098632812500e+02,8.562271118164062500e+02,8.521978149414062500e+02
8.526007080078125000e+02,8.517948608398437500e+02,8.473626098632812500e+02,8.574359130859375000e+02
9.150549316406250000e+02,8.530036621093750000e+02,8.445421142578125000e+02,8.759707031250000000e+02
8.949084472656250000e+02,8.590476074218750000e+02,8.405128173828125000e+02,8.606593627929687500e+02
8.268131713867187500e+02,8.614652099609375000e+02,8.376923217773437500e+02,8.312454223632812500e+02
8.320512695312500000e+02,8.574359130859375000e+02,8.360805664062500000e+02,8.413186645507812500e+02
9.045787353515625000e+02,8.566300659179687500e+02,8.316483764648437500e+02,8.642857055664062500e+02
9.134432373046875000e+02,8.610622558593750000e+02,8.288278198242187500e+02,8.562271118164062500e+02
8.401098632812500000e+02,8.630769042968750000e+02,8.296337280273437500e+02,8.284249267578125000e+02
8.203662719726562500e+02,8.622710571289062500e+02,8.280219726562500000e+02,8.296337280273437500e+02
8.892673950195312500e+02,8.598534545898437500e+02,8.268131713867187500e+02,8.610622558593750000e+02
9.251282348632812500e+02,8.582417602539062500e+02,8.292307739257812500e+02,8.715384521484375000e+02
8.667033081054687500e+02,8.598534545898437500e+02,8.316483764648437500e+02,8.517948608398437500e+02
8.219780273437500000e+02,8.598534545898437500e+02,8.324542236328125000e+02,8.340659179687500000e+02
8.763735961914062500e+02,8.566300659179687500e+02,8.324542236328125000e+02,8.493773193359375000e+02
9.219047851562500000e+02,8.558241577148437500e+02,8.336630249023437500e+02,8.695238037109375000e+02
8.787911987304687500e+02,8.566300659179687500e+02,8.352747192382812500e+02,8.546153564453125000e+02
8.231868286132812500e+02,8.574359130859375000e+02,8.352747192382812500e+02,8.344688720703125000e+02
8.538095092773437500e+02,8.566300659179687500e+02,8.352747192382812500e+02,8.457509155273437500e+02
9.134432373046875000e+02,8.538095092773437500e+02,8.380952148437500000e+02,8.650915527343750000e+02
8.949084472656250000e+02,8.521978149414062500e+02,8.401098632812500000e+02,8.642857055664062500e+02
8.235897216796875000e+02,8.542124633789062500e+02,8.421245117187500000e+02,8.360805664062500000e+02
8.239926757812500000e+02,8.534066162109375000e+02,8.397069702148437500e+02,8.352747192382812500e+02
8.928937988281250000e+02,8.509890136718750000e+02,8.389011230468750000e+02,8.654945068359375000e+02
9.045787353515625000e+02,8.513919677734375000e+02,8.425274658203125000e+02,8.719414062500000000e+02
8.401098632812500000e+02,8.542124633789062500e+02,8.453479614257812500e+02,8.485714111328125000e+02
8.155311279296875000e+02,8.546153564453125000e+02,8.465567626953125000e+02,8.393040161132812500e+02
8.816116943359375000e+02,8.509890136718750000e+02,8.473626098632812500e+02,8.663003540039062500e+02
9.190842285156250000e+02,8.505860595703125000e+02,8.481685180664062500e+02,8.852380981445312500e+02
8.642857055664062500e+02,8.530036621093750000e+02,8.473626098632812500e+02,8.582417602539062500e+02
8.159340820312500000e+02,8.509890136718750000e+02,8.465567626953125000e+02,8.348717651367187500e+02
8.650915527343750000e+02,8.493773193359375000e+02,8.477655639648437500e+02,8.586447143554687500e+02
9.174725341796875000e+02,8.497802124023437500e+02,8.485714111328125000e+02,8.791941528320312500e+02
8.779853515625000000e+02,8.493773193359375000e+02,8.513919677734375000e+02,8.663003540039062500e+02
8.159340820312500000e+02,8.521978149414062500e+02,8.513919677734375000e+02,8.421245117187500000e+02
8.517948608398437500e+02,8.509890136718750000e+02,8.489743652343750000e+02,8.521978149414062500e+02
9.150549316406250000e+02,8.505860595703125000e+02,8.501831665039062500e+02,8.808058471679687500e+02
8.953113403320312500e+02,8.530036621093750000e+02,8.509890136718750000e+02,8.731502075195312500e+02
8.292307739257812500e+02,8.521978149414062500e+02,8.505860595703125000e+02,8.433333129882812500e+02
8.252014770507812500e+02,8.513919677734375000e+02,8.489743652343750000e+02,8.449450683593750000e+02
8.900732421875000000e+02,8.542124633789062500e+02,8.477655639648437500e+02,8.663003540039062500e+02
9.057875366210937500e+02,8.562271118164062500e+02,8.485714111328125000e+02,8.671062011718750000e+02
8.429304199218750000e+02,8.570329589843750000e+02,8.481685180664062500e+02,8.437362670898437500e+02
8.147252807617187500e+02,8.542124633789062500e+02,8.469597167968750000e+02,8.320512695312500000e+02
8.751648559570312500e+02,8.505860595703125000e+02,8.473626098632812500e+02,8.546153564453125000e+02
9.037728881835937500e+02,8.493773193359375000e+02,8.477655639648437500e+02,8.691208496093750000e+02
8.513919677734375000e+02,8.509890136718750000e+02,8.481685180664062500e+02,8.473626098632812500e+02
8.014285888671875000e+02,8.513919677734375000e+02,8.489743652343750000e+02,8.288278198242187500e+02
8.413186645507812500e+02,8.505860595703125000e+02,8.481685180664062500e+02,8.465567626953125000e+02
8.965201416015625000e+02,8.485714111328125000e+02,8.501831665039062500e+02,8.683150024414062500e+02
8.691208496093750000e+02,8.485714111328125000e+02,8.497802124023437500e+02,8.586447143554687500e+02
8.066666870117187500e+02,8.509890136718750000e+02,8.473626098632812500e+02,8.320512695312500000e+02
8.247985229492187500e+02,8.485714111328125000e+02,8.457509155273437500e+02,8.409157714843750000e+02
8.916849975585937500e+02,8.493773193359375000e+02,8.453479614257812500e+02,8.646886596679687500e+02
8.916849975585937500e+02,8.517948608398437500e+02,8.485714111328125000e+02,8.622710571289062500e+02
8.260073242187500000e+02,8.513919677734375000e+02,8.485714111328125000e+02,8.356776733398437500e+02
8.106959838867187500e+02,8.513919677734375000e+02,8.453479614257812500e+02,8.292307739257812500e+02
8.735531005859375000e+02,8.505860595703125000e+02,8.441392211914062500e+02,8.570329589843750000e+02
9.009523925781250000e+02,8.509890136718750000e+02,8.453479614257812500e+02,8.667033081054687500e+02
8.445421142578125000e+02,8.546153564453125000e+02,8.493773193359375000e+02,8.441392211914062500e+02
8.046520385742187500e+02,8.546153564453125000e+02,8.497802124023437500e+02,8.332600708007812500e+02
8.638828125000000000e+02,8.497802124023437500e+02,8.469597167968750000e+02,8.550183105468750000e+02
9.110256347656250000e+02,8.489743652343750000e+02,8.497802124023437500e+02,8.687179565429687500e+02
8.642857055664062500e+02,8.517948608398437500e+02,8.521978149414062500e+02,8.570329589843750000e+02
8.058607788085937500e+02,8.546153564453125000e+02,8.489743652343750000e+02,8.304395751953125000e+02
8.437362670898437500e+02,8.505860595703125000e+02,8.485714111328125000e+02,8.441392211914062500e+02
9.078021850585937500e+02,8.469597167968750000e+02,8.505860595703125000e+02,8.707326049804687500e+02
8.787911987304687500e+02,8.493773193359375000e+02,8.485714111328125000e+02,8.590476074218750000e+02
8.119047851562500000e+02,8.517948608398437500e+02,8.485714111328125000e+02,8.352747192382812500e+02
8.268131713867187500e+02,8.497802124023437500e+02,8.481685180664062500e+02,8.429304199218750000e+02
8.916849975585937500e+02,8.473626098632812500e+02,8.473626098632812500e+02,8.630769042968750000e+02
8.880585937500000000e+02,8.469597167968750000e+02,8.481685180664062500e+02,8.586447143554687500e+02
8.211721801757812500e+02,8.485714111328125000e+02,8.485714111328125000e+02,8.320512695312500000e+02
8.002197875976562500e+02,8.481685180664062500e+02,8.477655639648437500e+02,8.227838745117187500e+02
8.582417602539062500e+02,8.445421142578125000e+02,8.457509155273437500e+02,8.521978149414062500e+02
8.908791503906250000e+02,8.449450683593750000e+02,8.465567626953125000e+02,8.663003540039062500e+02
8.405128173828125000e+02,8.501831665039062500e+02,8.489743652343750000e+02,8.449450683593750000e+02
8.030402832031250000e+02,8.526007080078125000e+02,8.469597167968750000e+02,8.284249267578125000e+02
8.582417602539062500e+02,8.505860595703125000e+02,8.469597167968750000e+02,8.477655639648437500e+02
9.041758422851562500e+02,8.493773193359375000e+02,8.489743652343750000e+02,8.646886596679687500e+02
8.602564086914062500e+02,8.501831665039062500e+02,8.501831665039062500e+02,8.489743652343750000e+02
7.990109863281250000e+02,8.513919677734375000e+02,8.489743652343750000e+02,8.252014770507812500e+02
8.348717651367187500e+02,8.493773193359375000e+02,8.461538696289062500e+02,8.376923217773437500e+02
9.009523925781250000e+02,8.485714111328125000e+02,8.485714111328125000e+02,8.658974609375000000e+02
8.828204956054687500e+02,8.497802124023437500e+02,8.505860595703125000e+02,8.622710571289062500e+02
8.147252807617187500e+02,8.521978149414062500e+02,8.493773193359375000e+02,8.332600708007812500e+02
8.191575317382812500e+02,8.521978149414062500e+02,8.477655639648437500e+02,8.340659179687500000e+02
8.836264038085937500e+02,8.517948608398437500e+02,8.461538696289062500e+02,8.626740112304687500e+02
8.912820434570312500e+02,8.534066162109375000e+02,8.473626098632812500e+02,8.679121093750000000e+02
8.276190185546875000e+02,8.542124633789062500e+02,8.497802124023437500e+02,8.445421142578125000e+02
8.026373901367187500e+02,8.542124633789062500e+02,8.489743652343750000e+02,8.356776733398437500e+02
8.667033081054687500e+02,8.534066162109375000e+02,8.485714111328125000e+02,8.618681030273437500e+02
9.029670410156250000e+02,8.526007080078125000e+02,8.513919677734375000e+02,8.771795043945312500e+02
8.481685180664062500e+02,8.534066162109375000e+02,8.509890136718750000e+02,8.530036621093750000e+02
8.018314819335937500e+02,8.550183105468750000e+02,8.501831665039062500e+02,8.320512695312500000e+02
8.469597167968750000e+02,8.517948608398437500e+02,8.517948608398437500e+02,8.497802124023437500e+02
8.973259887695312500e+02,8.465567626953125000e+02,8.530036621093750000e+02,8.687179565429687500e+02
8.622710571289062500e+02,8.485714111328125000e+02,8.530036621093750000e+02,8.546153564453125000e+02
7.986080322265625000e+02,8.542124633789062500e+02,8.521978149414062500e+02,8.247985229492187500e+02
8.260073242187500000e+02,8.538095092773437500e+02,8.509890136718750000e+02,8.364835205078125000e+02
8.888644409179687500e+02,8.501831665039062500e+02,8.489743652343750000e+02,8.638828125000000000e+02
8.735531005859375000e+02,8.497802124023437500e+02,8.493773193359375000e+02,8.546153564453125000e+02
8.094871826171875000e+02,8.501831665039062500e+02,8.513919677734375000e+02,8.348717651367187500e+02
8.147252807617187500e+02,8.534066162109375000e+02,8.505860595703125000e+02,8.364835205078125000e+02
8.824176025390625000e+02,8.554212646484375000e+02,8.526007080078125000e+02,8.598534545898437500e+02
9.021611938476562500e+02,8.493773193359375000e+02,8.566300659179687500e+02,8.731502075195312500e+02
8.405128173828125000e+02,8.497802124023437500e+02,8.550183105468750000e+02,8.509890136718750000e+02
8.187545776367187500e+02,8.538095092773437500e+02,8.509890136718750000e+02,8.409157714843750000e+02
8.832234497070312500e+02,8.521978149414062500e+02,8.493773193359375000e+02,8.663003540039062500e+02
9.126373901367187500e+02,8.509890136718750000e+02,8.485714111328125000e+02,8.804029541015625000e+02
8.671062011718750000e+02,8.534066162109375000e+02,8.481685180664062500e+02,8.638828125000000000e+02
8.247985229492187500e+02,8.566300659179687500e+02,8.505860595703125000e+02,8.526007080078125000e+02
8.699267578125000000e+02,8.521978149414062500e+02,8.530036621093750000e+02,8.755677490234375000e+02
9.255311279296875000e+02,8.473626098632812500e+02,8.538095092773437500e+02,8.957142944335937500e+02
8.904761962890625000e+02,8.489743652343750000e+02,8.558241577148437500e+02,8.743589477539062500e+02
8.243956298828125000e+02,8.521978149414062500e+02,8.570329589843750000e+02,8.445421142578125000e+02
8.473626098632812500e+02,8.534066162109375000e+02,8.542124633789062500e+02,8.574359130859375000e+02
9.166666870117187500e+02,8.481685180664062500e+02,8.534066162109375000e+02,8.860439453125000000e+02
9.146520385742187500e+02,8.489743652343750000e+02,8.554212646484375000e+02,8.860439453125000000e+02
8.469597167968750000e+02,8.546153564453125000e+02,8.550183105468750000e+02,8.542124633789062500e+02
8.292307739257812500e+02,8.542124633789062500e+02,8.530036621093750000e+02,8.437362670898437500e+02
8.900732421875000000e+02,8.501831665039062500e+02,8.530036621093750000e+02,8.683150024414062500e+02
9.166666870117187500e+02,8.521978149414062500e+02,8.534066162109375000e+02,8.783883056640625000e+02
8.566300659179687500e+02,8.542124633789062500e+02,8.538095092773437500e+02,8.546153564453125000e+02
8.195604248046875000e+02,8.517948608398437500e+02,8.546153564453125000e+02,8.376923217773437500e+02
8.671062011718750000e+02,8.493773193359375000e+02,8.538095092773437500e+02,8.626740112304687500e+02
9.029670410156250000e+02,8.473626098632812500e+02,8.534066162109375000e+02,8.832234497070312500e+02
8.598534545898437500e+02,8.469597167968750000e+02,8.562271118164062500e+02,8.634798583984375000e+02
8.074725341796875000e+02,8.481685180664062500e+02,8.574359130859375000e+02,8.376923217773437500e+02
8.437362670898437500e+02,8.449450683593750000e+02,8.550183105468750000e+02,8.517948608398437500e+02
9.041758422851562500e+02,8.437362670898437500e+02,8.550183105468750000e+02,8.795970458984375000e+02
8.832234497070312500e+02,8.489743652343750000e+02,8.562271118164062500e+02,8.735531005859375000e+02
8.143223266601562500e+02,8.513919677734375000e+02,8.566300659179687500e+02,8.453479614257812500e+02
8.227838745117187500e+02,8.469597167968750000e+02,8.546153564453125000e+02,8.485714111328125000e+02
8.888644409179687500e+02,8.429304199218750000e+02,8.509890136718750000e+02,8.699267578125000000e+02
8.932966918945312500e+02,8.445421142578125000e+02,8.521978149414062500e+02,8.695238037109375000e+02
8.284249267578125000e+02,8.469597167968750000e+02,8.542124633789062500e+02,8.469597167968750000e+02
8.127106323242187500e+02,8.461538696289062500e+02,8.521978149414062500e+02,8.384981689453125000e+02
8.795970458984375000e+02,8.445421142578125000e+02,8.505860595703125000e+02,8.570329589843750000e+02
9.142490844726562500e+02,8.445421142578125000e+02,8.505860595703125000e+02,8.727472534179687500e+02
8.598534545898437500e+02,8.481685180664062500e+02,8.517948608398437500e+02,8.554212646484375000e+02
8.147252807617187500e+02,8.493773193359375000e+02,8.517948608398437500e+02,8.368864746093750000e+02
8.683150024414062500e+02,8.493773193359375000e+02,8.497802124023437500e+02,8.602564086914062500e+02
9.158607788085937500e+02,8.521978149414062500e+02,8.497802124023437500e+02,8.787911987304687500e+02
8.763735961914062500e+02,8.542124633789062500e+02,8.526007080078125000e+02,8.626740112304687500e+02
8.183516235351562500e+02,8.566300659179687500e+02,8.513919677734375000e+02,8.360805664062500000e+02
8.425274658203125000e+02,8.530036621093750000e+02,8.485714111328125000e+02,8.465567626953125000e+02
9.045787353515625000e+02,8.493773193359375000e+02,8.501831665039062500e+02,8.703296508789062500e+02
8.884615478515625000e+02,8.509890136718750000e+02,8.513919677734375000e+02,8.598534545898437500e+02
8.187545776367187500e+02,8.521978149414062500e+02,8.481685180664062500e+02,8.284249267578125000e+02
8.215750732421875000e+02,8.505860595703125000e+02,8.465567626953125000e+02,8.332600708007812500e+02
8.832234497070312500e+02,8.497802124023437500e+02,8.473626098632812500e+02,8.634798583984375000e+02
8.912820434570312500e+02,8.501831665039062500e+02,8.485714111328125000e+02,8.646886596679687500e+02
8.280219726562500000e+02,8.526007080078125000e+02,8.489743652343750000e+02,8.352747192382812500e+02
7.978021850585937500e+02,8.526007080078125000e+02,8.445421142578125000e+02,8.268131713867187500e+02
8.574359130859375000e+02,8.505860595703125000e+02,8.445421142578125000e+02,8.517948608398437500e+02
8.924908447265625000e+02,8.481685180664062500e+02,8.461538696289062500e+02,8.695238037109375000e+02
8.372893676757812500e+02,8.493773193359375000e+02,8.473626098632812500e+02,8.485714111328125000e+02
7.889377441406250000e+02,8.473626098632812500e+02,8.473626098632812500e+02,8.260073242187500000e+02
8.449450683593750000e+02,8.453479614257812500e+02,8.477655639648437500e+02,8.517948608398437500e+02
9.037728881835937500e+02,8.465567626953125000e+02,8.489743652343750000e+02,8.723442993164062500e+02
8.638828125000000000e+02,8.465567626953125000e+02,8.489743652343750000e+02,8.509890136718750000e+02
7.990109863281250000e+02,8.509890136718750000e+02,8.417216186523437500e+02,8.252014770507812500e+02
8.397069702148437500e+02,8.530036621093750000e+02,8.384981689453125000e+02,8.526007080078125000e+02
9.122344360351562500e+02,8.453479614257812500e+02,8.509890136718750000e+02,8.852380981445312500e+02
8.872527465820312500e+02,8.429304199218750000e+02,8.574359130859375000e+02,8.675091552734375000e+02
8.066666870117187500e+02,8.501831665039062500e+02,8.558241577148437500e+02,8.340659179687500000e+02
8.026373901367187500e+02,8.530036621093750000e+02,8.534066162109375000e+02,8.336630249023437500e+02
8.675091552734375000e+02,8.505860595703125000e+02,8.505860595703125000e+02,8.574359130859375000e+02
8.852380981445312500e+02,8.493773193359375000e+02,8.489743652343750000e+02,8.618681030273437500e+02
8.183516235351562500e+02,8.521978149414062500e+02,8.485714111328125000e+02,8.300366210937500000e+02
7.869230957031250000e+02,8.521978149414062500e+02,8.481685180664062500e+02,8.159340820312500000e+02
8.562271118164062500e+02,8.521978149414062500e+02,8.469597167968750000e+02,8.441392211914062500e+02
8.908791503906250000e+02,8.526007080078125000e+02,8.481685180664062500e+02,8.582417602539062500e+02
8.368864746093750000e+02,8.521978149414062500e+02,8.493773193359375000e+02,8.380952148437500000e+02
7.905494384765625000e+02,8.530036621093750000e+02,8.469597167968750000e+02,8.227838745117187500e+02
8.376923217773437500e+02,8.497802124023437500e+02,8.469597167968750000e+02,8.425274658203125000e+02
8.900732421875000000e+02,8.477655639648437500e+02,8.489743652343750000e+02,8.642857055664062500e+02
8.574359130859375000e+02,8.513919677734375000e+02,8.509890136718750000e+02,8.554212646484375000e+02
7.925640869140625000e+02,8.521978149414062500e+02,8.501831665039062500e+02,8.243956298828125000e+02
8.131135253906250000e+02,8.489743652343750000e+02,8.489743652343750000e+02,8.292307739257812500e+02
8.791941528320312500e+02,8.469597167968750000e+02,8.489743652343750000e+02,8.606593627929687500e+02
8.731502075195312500e+02,8.481685180664062500e+02,8.509890136718750000e+02,8.570329589843750000e+02
8.022344360351562500e+02,8.521978149414062500e+02,8.530036621093750000e+02,8.264102783203125000e+02
7.913552856445312500e+02,8.505860595703125000e+02,8.517948608398437500e+02,8.215750732421875000e+02
8.574359130859375000e+02,8.473626098632812500e+02,8.489743652343750000e+02,8.509890136718750000e+02
8.824176025390625000e+02,8.489743652343750000e+02,8.493773193359375000e+02,8.658974609375000000e+02
8.247985229492187500e+02,8.505860595703125000e+02,8.517948608398437500e+02,8.425274658203125000e+02
7.909523925781250000e+02,8.521978149414062500e+02,8.509890136718750000e+02,8.272161254882812500e+02
8.526007080078125000e+02,8.477655639648437500e+02,8.505860595703125000e+02,8.521978149414062500e+02
9.025640869140625000e+02,8.477655639648437500e+02,8.513919677734375000e+02,8.687179565429687500e+02
8.590476074218750000e+02,8.538095092773437500e+02,8.534066162109375000e+02,8.489743652343750000e+02
8.078754882812500000e+02,8.550183105468750000e+02,8.530036621093750000e+02,8.296337280273437500e+02
8.509890136718750000e+02,8.526007080078125000e+02,8.497802124023437500e+02,8.473626098632812500e+02
9.082051391601562500e+02,8.513919677734375000e+02,8.505860595703125000e+02,8.751648559570312500e+02
8.860439453125000000e+02,8.538095092773437500e+02,8.526007080078125000e+02,8.695238037109375000e+02
8.219780273437500000e+02,8.538095092773437500e+02,8.509890136718750000e+02,8.429304199218750000e+02
8.308424682617187500e+02,8.513919677734375000e+02,8.497802124023437500e+02,8.413186645507812500e+02
8.965201416015625000e+02,8.501831665039062500e+02,8.513919677734375000e+02,8.675091552734375000e+02
8.965201416015625000e+02,8.509890136718750000e+02,8.509890136718750000e+02,8.683150024414062500e+02
8.239926757812500000e+02,8.538095092773437500e+02,8.526007080078125000e+02,8.368864746093750000e+02
8.042490844726562500e+02,8.538095092773437500e+02,8.521978149414062500e+02,8.320512695312500000e+02
8.679121093750000000e+02,8.497802124023437500e+02,8.481685180664062500e+02,8.586447143554687500e+02
9.001465454101562500e+02,8.485714111328125000e+02,8.485714111328125000e+02,8.663003540039062500e+02
8.393040161132812500e+02,8.493773193359375000e+02,8.509890136718750000e+02,8.441392211914062500e+02
7.929670410156250000e+02,8.493773193359375000e+02,8.505860595703125000e+02,8.300366210937500000e+02
8.473626098632812500e+02,8.477655639648437500e+02,8.481685180664062500e+02,8.469597167968750000e+02
8.957142944335937500e+02,8.461538696289062500e+02,8.481685180664062500e+02,8.630769042968750000e+02
8.534066162109375000e+02,8.509890136718750000e+02,8.473626098632812500e+02,8.485714111328125000e+02
7.965933837890625000e+02,8.505860595703125000e+02,8.457509155273437500e+02,8.252014770507812500e+02
8.360805664062500000e+02,8.453479614257812500e+02,8.477655639648437500e+02,8.409157714843750000e+02
8.965201416015625000e+02,8.465567626953125000e+02,8.493773193359375000e+02,8.650915527343750000e+02
8.699267578125000000e+02,8.501831665039062500e+02,8.509890136718750000e+02,8.570329589843750000e+02
8.026373901367187500e+02,8.505860595703125000e+02,8.521978149414062500e+02,8.304395751953125000e+02
8.175457763671875000e+02,8.481685180664062500e+02,8.509890136718750000e+02,8.344688720703125000e+02
8.787911987304687500e+02,8.461538696289062500e+02,8.493773193359375000e+02,8.590476074218750000e+02
8.828204956054687500e+02,8.465567626953125000e+02,8.505860595703125000e+02,8.638828125000000000e+02
8.195604248046875000e+02,8.485714111328125000e+02,8.501831665039062500e+02,8.332600708007812500e+02
7.978021850585937500e+02,8.517948608398437500e+02,8.489743652343750000e+02,8.199633789062500000e+02
8.671062011718750000e+02,8.489743652343750000e+02,8.473626098632812500e+02,8.489743652343750000e+02
9.045787353515625000e+02,8.477655639648437500e+02,8.457509155273437500e+02,8.594505615234375000e+02
8.453479614257812500e+02,8.481685180664062500e+02,8.481685180664062500e+02,8.401098632812500000e+02
7.925640869140625000e+02,8.453479614257812500e+02,8.497802124023437500e+02,8.243956298828125000e+02
8.449450683593750000e+02,8.481685180664062500e+02,8.469597167968750000e+02,8.413186645507812500e+02
8.965201416015625000e+02,8.457509155273437500e+02,8.465567626953125000e+02,8.590476074218750000e+02
8.546153564453125000e+02,8.425274658203125000e+02,8.481685180664062500e+02,8.461538696289062500e+02
7.933699340820312500e+02,8.457509155273437500e+02,8.481685180664062500e+02,8.187545776367187500e+02
8.252014770507812500e+02,8.481685180664062500e+02,8.457509155273437500e+02,8.344688720703125000e+02
8.876557006835937500e+02,8.477655639648437500e+02,8.449450683593750000e+02,8.602564086914062500e+02
8.687179565429687500e+02,8.493773193359375000e+02,8.481685180664062500e+02,8.558241577148437500e+02
7.973992919921875000e+02,8.501831665039062500e+02,8.481685180664062500e+02,8.312454223632812500e+02
8.006226806640625000e+02,8.497802124023437500e+02,8.457509155273437500e+02,8.284249267578125000e+02
8.731502075195312500e+02,8.485714111328125000e+02,8.477655639648437500e+02,8.594505615234375000e+02
8.924908447265625000e+02,8.493773193359375000e+02,8.497802124023437500e+02,8.654945068359375000e+02
8.292307739257812500e+02,8.497802124023437500e+02,8.501831665039062500e+02,8.336630249023437500e+02
7.990109863281250000e+02,8.477655639648437500e+02,8.497802124023437500e+02,8.219780273437500000e+02
8.650915527343750000e+02,8.469597167968750000e+02,8.469597167968750000e+02,8.485714111328125000e+02
9.001465454101562500e+02,8.481685180664062500e+02,8.501831665039062500e+02,8.667033081054687500e+02
8.401098632812500000e+02,8.481685180664062500e+02,8.517948608398437500e+02,8.441392211914062500e+02
7.961904907226562500e+02,8.505860595703125000e+02,8.413186645507812500e+02,8.203662719726562500e+02
8.590476074218750000e+02,8.505860595703125000e+02,8.433333129882812500e+02,8.578388061523437500e+02
9.049816894531250000e+02,8.437362670898437500e+02,8.566300659179687500e+02,8.844322509765625000e+02
8.509890136718750000e+02,8.445421142578125000e+02,8.602564086914062500e+02,8.582417602539062500e+02
7.828937988281250000e+02,8.465567626953125000e+02,8.590476074218750000e+02,8.284249267578125000e+02
8.110988769531250000e+02,8.409157714843750000e+02,8.590476074218750000e+02,8.429304199218750000e+02
8.848351440429687500e+02,8.397069702148437500e+02,8.614652099609375000e+02,8.743589477539062500e+02
8.759707031250000000e+02,8.421245117187500000e+02,8.642857055664062500e+02,8.727472534179687500e+02
8.030402832031250000e+02,8.417216186523437500e+02,8.679121093750000000e+02,8.397069702148437500e+02
8.006226806640625000e+02,8.389011230468750000e+02,8.667033081054687500e+02,8.340659179687500000e+02
8.679121093750000000e+02,8.360805664062500000e+02,8.671062011718750000e+02,8.626740112304687500e+02
8.812088012695312500e+02,8.356776733398437500e+02,8.658974609375000000e+02,8.602564086914062500e+02
8.135164794921875000e+02,8.352747192382812500e+02,8.630769042968750000e+02,8.372893676757812500e+02
7.816849975585937500e+02,8.376923217773437500e+02,8.634798583984375000e+02,8.296337280273437500e+02
8.481685180664062500e+02,8.401098632812500000e+02,8.610622558593750000e+02,8.505860595703125000e+02
8.836264038085937500e+02,8.393040161132812500e+02,8.586447143554687500e+02,8.654945068359375000e+02
8.344688720703125000e+02,8.417216186523437500e+02,8.582417602539062500e+02,8.425274658203125000e+02
7.853113403320312500e+02,8.429304199218750000e+02,8.570329589843750000e+02,8.199633789062500000e+02
8.260073242187500000e+02,8.364835205078125000e+02,8.554212646484375000e+02,8.368864746093750000e+02
8.848351440429687500e+02,8.389011230468750000e+02,8.542124633789062500e+02,8.610622558593750000e+02
8.566300659179687500e+02,8.465567626953125000e+02,8.550183105468750000e+02,8.513919677734375000e+02
7.869230957031250000e+02,8.461538696289062500e+02,8.542124633789062500e+02,8.211721801757812500e+02
8.090842285156250000e+02,8.437362670898437500e+02,8.521978149414062500e+02,8.272161254882812500e+02
8.759707031250000000e+02,8.421245117187500000e+02,8.501831665039062500e+02,8.534066162109375000e+02
8.610622558593750000e+02,8.413186645507812500e+02,8.526007080078125000e+02,8.542124633789062500e+02
7.917582397460937500e+02,8.449450683593750000e+02,8.542124633789062500e+02,8.280219726562500000e+02
7.808791503906250000e+02,8.449450683593750000e+02,8.546153564453125000e+02,8.227838745117187500e+02
8.489743652343750000e+02,8.429304199218750000e+02,8.550183105468750000e+02,8.517948608398437500e+02
8.779853515625000000e+02,8.405128173828125000e+02,8.566300659179687500e+02,8.658974609375000000e+02
8.183516235351562500e+02,8.425274658203125000e+02,8.590476074218750000e+02,8.380952148437500000e+02
7.820878906250000000e+02,8.449450683593750000e+02,8.566300659179687500e+02,8.247985229492187500e+02
8.445421142578125000e+02,8.409157714843750000e+02,8.554212646484375000e+02,8.582417602539062500e+02
8.965201416015625000e+02,8.380952148437500000e+02,8.562271118164062500e+02,8.751648559570312500e+02
8.521978149414062500e+02,8.429304199218750000e+02,8.566300659179687500e+02,8.558241577148437500e+02
7.865201416015625000e+02,8.461538696289062500e+02,8.566300659179687500e+02,8.308424682617187500e+02
8.292307739257812500e+02,8.453479614257812500e+02,8.546153564453125000e+02,8.429304199218750000e+02
8.973259887695312500e+02,8.465567626953125000e+02,8.546153564453125000e+02,8.683150024414062500e+02
8.804029541015625000e+02,8.505860595703125000e+02,8.566300659179687500e+02,8.618681030273437500e+02
8.147252807617187500e+02,8.513919677734375000e+02,8.582417602539062500e+02,8.340659179687500000e+02
8.247985229492187500e+02,8.497802124023437500e+02,8.554212646484375000e+02,8.417216186523437500e+02
8.965201416015625000e+02,8.505860595703125000e+02,8.538095092773437500e+02,8.691208496093750000e+02
9.025640869140625000e+02,8.513919677734375000e+02,8.550183105468750000e+02,8.663003540039062500e+02
8.304395751953125000e+02,8.517948608398437500e+02,8.570329589843750000e+02,8.433333129882812500e+02
8.046520385742187500e+02,8.497802124023437500e+02,8.566300659179687500e+02,8.348717651367187500e+02
8.735531005859375000e+02,8.489743652343750000e+02,8.538095092773437500e+02,8.594505615234375000e+02
9.025640869140625000e+02,8.489743652343750000e+02,8.534066162109375000e+02,8.715384521484375000e+02
8.497802124023437500e+02,8.513919677734375000e+02,8.558241577148437500e+02,8.497802124023437500e+02
8.002197875976562500e+02,8.521978149414062500e+02,8.566300659179687500e+02,8.316483764648437500e+02
8.457509155273437500e+02,8.493773193359375000e+02,8.550183105468750000e+02,8.521978149414062500e+02
8.981318969726562500e+02,8.489743652343750000e+02,8.554212646484375000e+02,8.715384521484375000e+02
8.574359130859375000e+02,8.517948608398437500e+02,8.578388061523437500e+02,8.542124633789062500e+02
7.949816894531250000e+02,8.526007080078125000e+02,8.566300659179687500e+02,8.252014770507812500e+02
8.239926757812500000e+02,8.497802124023437500e+02,8.521978149414062500e+02,8.336630249023437500e+02
8.945054931640625000e+02,8.465567626953125000e+02,8.538095092773437500e+02,8.642857055664062500e+02
8.804029541015625000e+02,8.493773193359375000e+02,8.586447143554687500e+02,8.586447143554687500e+02
8.010256347656250000e+02,8.501831665039062500e+02,8.578388061523437500e+02,8.191575317382812500e+02
7.986080322265625000e+02,8.469597167968750000e+02,8.530036621093750000e+02,8.203662719726562500e+02
8.695238037109375000e+02,8.457509155273437500e+02,8.534066162109375000e+02,8.497802124023437500e+02
8.900732421875000000e+02,8.477655639648437500e+02,8.574359130859375000e+02,8.509890136718750000e+02
8.187545776367187500e+02,8.481685180664062500e+02,8.566300659179687500e+02,8.203662719726562500e+02
7.732234497070312500e+02,8.449450683593750000e+02,8.517948608398437500e+02,8.066666870117187500e+02
8.364835205078125000e+02,8.417216186523437500e+02,8.534066162109375000e+02,8.376923217773437500e+02
8.747619018554687500e+02,8.429304199218750000e+02,8.538095092773437500e+02,8.489743652343750000e+02
8.179487304687500000e+02,8.473626098632812500e+02,8.542124633789062500e+02,8.207692260742187500e+02
7.667765502929687500e+02,8.473626098632812500e+02,8.554212646484375000e+02,7.998168334960937500e+02
8.264102783203125000e+02,8.465567626953125000e+02,8.481685180664062500e+02,8.247985229492187500e+02
8.828204956054687500e+02,8.489743652343750000e+02,8.481685180664062500e+02,8.457509155273437500e+02
8.425274658203125000e+02,8.505860595703125000e+02,8.542124633789062500e+02,8.276190185546875000e+02
7.832966918945312500e+02,8.550183105468750000e+02,8.562271118164062500e+02,8.014285888671875000e+02
8.014285888671875000e+02,8.517948608398437500e+02,8.554212646484375000e+02,8.034432373046875000e+02
8.598534545898437500e+02,8.473626098632812500e+02,8.509890136718750000e+02,8.219780273437500000e+02
8.401098632812500000e+02,8.473626098632812500e+02,8.558241577148437500e+02,8.143223266601562500e+02
7.607326049804687500e+02,8.493773193359375000e+02,8.618681030273437500e+02,7.845054931640625000e+02
7.579121093750000000e+02,8.505860595703125000e+02,8.509890136718750000e+02,7.752380981445312500e+02
8.296337280273437500e+02,8.501831665039062500e+02,8.449450683593750000e+02,7.994139404296875000e+02
8.453479614257812500e+02,8.530036621093750000e+02,8.513919677734375000e+02,8.115018310546875000e+02
7.724176025390625000e+02,8.562271118164062500e+02,8.530036621093750000e+02,7.748351440429687500e+02
7.297069702148437500e+02,8.554212646484375000e+02,8.489743652343750000e+02,7.542857055664062500e+02
7.961904907226562500e+02,8.542124633789062500e+02,8.469597167968750000e+02,7.869230957031250000e+02
8.292307739257812500e+02,8.521978149414062500e+02,8.513919677734375000e+02,7.969963378906250000e+02
7.687911987304687500e+02,8.526007080078125000e+02,8.562271118164062500e+02,7.728204956054687500e+02
7.216483764648437500e+02,8.570329589843750000e+02,8.509890136718750000e+02,7.534798583984375000e+02
7.732234497070312500e+02,8.582417602539062500e+02,8.501831665039062500e+02,7.728204956054687500e+02
8.384981689453125000e+02,8.546153564453125000e+02,8.550183105468750000e+02,7.978021850585937500e+02
8.002197875976562500e+02,8.566300659179687500e+02,8.534066162109375000e+02,7.881318969726562500e+02
7.305128173828125000e+02,8.602564086914062500e+02,8.542124633789062500e+02,7.627472534179687500e+02
7.522710571289062500e+02,8.550183105468750000e+02,8.558241577148437500e+02,7.768497924804687500e+02
8.211721801757812500e+02,8.481685180664062500e+02,8.578388061523437500e+02,8.086813354492187500e+02
8.239926757812500000e+02,8.473626098632812500e+02,8.598534545898437500e+02,8.106959838867187500e+02
7.579121093750000000e+02,8.513919677734375000e+02,8.586447143554687500e+02,7.853113403320312500e+02
7.518681030273437500e+02,8.542124633789062500e+02,8.558241577148437500e+02,7.788644409179687500e+02
8.332600708007812500e+02,8.538095092773437500e+02,8.542124633789062500e+02,8.074725341796875000e+02
8.671062011718750000e+02,8.534066162109375000e+02,8.513919677734375000e+02,8.231868286132812500e+02
8.098901367187500000e+02,8.526007080078125000e+02,8.517948608398437500e+02,8.110988769531250000e+02
7.768497924804687500e+02,8.517948608398437500e+02,8.517948608398437500e+02,8.030402832031250000e+02
8.409157714843750000e+02,8.534066162109375000e+02,8.473626098632812500e+02,8.231868286132812500e+02
8.977289428710937500e+02,8.538095092773437500e+02,8.461538696289062500e+02,8.501831665039062500e+02
8.534066162109375000e+02,8.530036621093750000e+02,8.469597167968750000e+02,8.372893676757812500e+02
7.893406372070312500e+02,8.542124633789062500e+02,8.425274658203125000e+02,8.106959838867187500e+02
8.324542236328125000e+02,8.534066162109375000e+02,8.401098632812500000e+02,8.296337280273437500e+02
9.045787353515625000e+02,8.513919677734375000e+02,8.393040161132812500e+02,8.582417602539062500e+02
8.824176025390625000e+02,8.521978149414062500e+02,8.384981689453125000e+02,8.509890136718750000e+02
8.062637329101562500e+02,8.570329589843750000e+02,8.397069702148437500e+02,8.199633789062500000e+02
8.215750732421875000e+02,8.546153564453125000e+02,8.364835205078125000e+02,8.304395751953125000e+02
8.985347900390625000e+02,8.509890136718750000e+02,8.328571166992187500e+02,8.638828125000000000e+02
9.073992919921875000e+02,8.526007080078125000e+02,8.324542236328125000e+02,8.683150024414062500e+02
8.360805664062500000e+02,8.550183105468750000e+02,8.356776733398437500e+02,8.413186645507812500e+02
8.143223266601562500e+02,8.526007080078125000e+02,8.356776733398437500e+02,8.264102783203125000e+02
8.884615478515625000e+02,8.485714111328125000e+02,8.332600708007812500e+02,8.610622558593750000e+02
9.295604248046875000e+02,8.481685180664062500e+02,8.340659179687500000e+02,8.840292968750000000e+02
8.667033081054687500e+02,8.505860595703125000e+02,8.352747192382812500e+02,8.578388061523437500e+02
8.074725341796875000e+02,8.497802124023437500e+02,8.344688720703125000e+02,8.384981689453125000e+02
8.691208496093750000e+02,8.465567626953125000e+02,8.332600708007812500e+02,8.586447143554687500e+02
9.323809814453125000e+02,8.485714111328125000e+02,8.340659179687500000e+02,8.767765502929687500e+02
8.856410522460937500e+02,8.513919677734375000e+02,8.344688720703125000e+02,8.610622558593750000e+02
8.151282348632812500e+02,8.513919677734375000e+02,8.380952148437500000e+02,8.372893676757812500e+02
8.574359130859375000e+02,8.505860595703125000e+02,8.364835205078125000e+02,8.582417602539062500e+02
9.223076782226562500e+02,8.469597167968750000e+02,8.360805664062500000e+02,8.884615478515625000e+02
9.037728881835937500e+02,8.465567626953125000e+02,8.417216186523437500e+02,8.848351440429687500e+02
8.328571166992187500e+02,8.465567626953125000e+02,8.425274658203125000e+02,8.558241577148437500e+02
8.340659179687500000e+02,8.445421142578125000e+02,8.421245117187500000e+02,8.578388061523437500e+02
9.114285888671875000e+02,8.433333129882812500e+02,8.453479614257812500e+02,8.941025390625000000e+02
9.239194335937500000e+02,8.469597167968750000e+02,8.453479614257812500e+02,9.013552856445312500e+02
8.493773193359375000e+02,8.493773193359375000e+02,8.445421142578125000e+02,8.723442993164062500e+02
8.215750732421875000e+02,8.485714111328125000e+02,8.453479614257812500e+02,8.598534545898437500e+02
8.904761962890625000e+02,8.505860595703125000e+02,8.437362670898437500e+02,8.791941528320312500e+02
9.311721801757812500e+02,8.465567626953125000e+02,8.449450683593750000e+02,8.936996459960937500e+02
8.703296508789062500e+02,8.461538696289062500e+02,8.493773193359375000e+02,8.735531005859375000e+02
8.115018310546875000e+02,8.526007080078125000e+02,8.485714111328125000e+02,8.501831665039062500e+02
8.747619018554687500e+02,8.526007080078125000e+02,8.457509155273437500e+02,8.675091552734375000e+02
9.267399291992187500e+02,8.485714111328125000e+02,8.481685180664062500e+02,8.856410522460937500e+02
8.795970458984375000e+02,8.489743652343750000e+02,8.481685180664062500e+02,8.735531005859375000e+02
8.139194335937500000e+02,8.497802124023437500e+02,8.465567626953125000e+02,8.473626098632812500e+02
8.413186645507812500e+02,8.485714111328125000e+02,8.457509155273437500e+02,8.542124633789062500e+02
9.146520385742187500e+02,8.493773193359375000e+02,8.453479614257812500e+02,8.804029541015625000e+02
9.041758422851562500e+02,8.517948608398437500e+02,8.473626098632812500e+02,8.751648559570312500e+02
8.308424682617187500e+02,8.538095092773437500e+02,8.461538696289062500e+02,8.453479614257812500e+02
8.252014770507812500e+02,8.513919677734375000e+02,8.421245117187500000e+02,8.417216186523437500e+02
8.977289428710937500e+02,8.505860595703125000e+02,8.413186645507812500e+02,8.719414062500000000e+02
9.178754882812500000e+02,8.513919677734375000e+02,8.429304199218750000e+02,8.820146484375000000e+02
8.493773193359375000e+02,8.517948608398437500e+02,8.457509155273437500e+02,8.501831665039062500e+02
8.094871826171875000e+02,8.509890136718750000e+02,8.477655639648437500e+02,8.368864746093750000e+02
8.759707031250000000e+02,8.473626098632812500e+02,8.465567626953125000e+02,8.687179565429687500e+02
9.190842285156250000e+02,8.473626098632812500e+02,8.461538696289062500e+02,8.852380981445312500e+02
8.586447143554687500e+02,8.513919677734375000e+02,8.469597167968750000e+02,8.626740112304687500e+02
7.965933837890625000e+02,8.501831665039062500e+02,8.477655639648437500e+02,8.397069702148437500e+02
8.457509155273437500e+02,8.477655639648437500e+02,8.501831665039062500e+02,8.586447143554687500e+02
9.114285888671875000e+02,8.485714111328125000e+02,8.517948608398437500e+02,8.812088012695312500e+02
8.824176025390625000e+02,8.521978149414062500e+02,8.513919677734375000e+02,8.711355590820312500e+02
8.070695800781250000e+02,8.505860595703125000e+02,8.493773193359375000e+02,8.393040161132812500e+02
8.260073242187500000e+02,8.445421142578125000e+02,8.481685180664062500e+02,8.497802124023437500e+02
9.037728881835937500e+02,8.469597167968750000e+02,8.481685180664062500e+02,8.820146484375000000e+02
9.009523925781250000e+02,8.509890136718750000e+02,8.461538696289062500e+02,8.763735961914062500e+02
8.247985229492187500e+02,8.530036621093750000e+02,8.473626098632812500e+02,8.453479614257812500e+02
8.155311279296875000e+02,8.526007080078125000e+02,8.473626098632812500e+02,8.389011230468750000e+02
8.888644409179687500e+02,8.497802124023437500e+02,8.449450683593750000e+02,8.683150024414062500e+02
9.126373901367187500e+02,8.493773193359375000e+02,8.449450683593750000e+02,8.812088012695312500e+02
8.497802124023437500e+02,8.538095092773437500e+02,8.477655639648437500e+02,8.521978149414062500e+02
8.042490844726562500e+02,8.554212646484375000e+02,8.481685180664062500e+02,8.368864746093750000e+02
8.646886596679687500e+02,8.517948608398437500e+02,8.477655639648437500e+02,8.646886596679687500e+02
9.210988769531250000e+02,8.534066162109375000e+02,8.469597167968750000e+02,8.816116943359375000e+02
8.715384521484375000e+02,8.546153564453125000e+02,8.465567626953125000e+02,8.590476074218750000e+02
8.026373901367187500e+02,8.562271118164062500e+02,8.469597167968750000e+02,8.320512695312500000e+02
8.441392211914062500e+02,8.550183105468750000e+02,8.453479614257812500e+02,8.497802124023437500e+02
9.114285888671875000e+02,8.521978149414062500e+02,8.441392211914062500e+02,8.723442993164062500e+02
8.856410522460937500e+02,8.546153564453125000e+02,8.457509155273437500e+02,8.602564086914062500e+02
8.078754882812500000e+02,8.578388061523437500e+02,8.461538696289062500e+02,8.324542236328125000e+02
8.187545776367187500e+02,8.566300659179687500e+02,8.457509155273437500e+02,8.389011230468750000e+02
8.920878906250000000e+02,8.550183105468750000e+02,8.461538696289062500e+02,8.650915527343750000e+02
8.985347900390625000e+02,8.558241577148437500e+02,8.465567626953125000e+02,8.650915527343750000e+02
8.247985229492187500e+02,8.574359130859375000e+02,8.477655639648437500e+02,8.405128173828125000e+02
8.010256347656250000e+02,8.558241577148437500e+02,8.485714111328125000e+02,8.364835205078125000e+02
8.727472534179687500e+02,8.534066162109375000e+02,8.481685180664062500e+02,8.683150024414062500e+02
9.073992919921875000e+02,8.550183105468750000e+02,8.489743652343750000e+02,8.791941528320312500e+02
8.401098632812500000e+02,8.546153564453125000e+02,8.517948608398437500e+02,8.501831665039062500e+02
7.889377441406250000e+02,8.526007080078125000e+02,8.509890136718750000e+02,8.320512695312500000e+02
8.497802124023437500e+02,8.481685180664062500e+02,8.497802124023437500e+02,8.509890136718750000e+02
8.981318969726562500e+02,8.457509155273437500e+02,8.501831665039062500e+02,8.739560546875000000e+02
8.477655639648437500e+02,8.481685180664062500e+02,8.505860595703125000e+02,8.582417602539062500e+02
7.824908447265625000e+02,8.505860595703125000e+02,8.509890136718750000e+02,8.320512695312500000e+02
8.195604248046875000e+02,8.493773193359375000e+02,8.497802124023437500e+02,8.461538696289062500e+02
8.961171875000000000e+02,8.469597167968750000e+02,8.449450683593750000e+02,8.638828125000000000e+02
8.961171875000000000e+02,8.493773193359375000e+02,8.429304199218750000e+02,8.719414062500000000e+02
8.119047851562500000e+02,8.489743652343750000e+02,8.517948608398437500e+02,8.469597167968750000e+02
7.877289428710937500e+02,8.441392211914062500e+02,8.546153564453125000e+02,8.195604248046875000e+02
8.578388061523437500e+02,8.453479614257812500e+02,8.493773193359375000e+02,8.332600708007812500e+02
8.715384521484375000e+02,8.469597167968750000e+02,8.497802124023437500e+02,8.380952148437500000e+02
7.925640869140625000e+02,8.517948608398437500e+02,8.485714111328125000e+02,8.066666870117187500e+02
7.514652099609375000e+02,8.513919677734375000e+02,8.453479614257812500e+02,7.808791503906250000e+02
8.187545776367187500e+02,8.477655639648437500e+02,8.449450683593750000e+02,8.042490844726562500e+02
8.445421142578125000e+02,8.497802124023437500e+02,8.445421142578125000e+02,8.106959838867187500e+02
7.760439453125000000e+02,8.526007080078125000e+02,8.433333129882812500e+02,7.828937988281250000e+02
7.152014770507812500e+02,8.538095092773437500e+02,8.457509155273437500e+02,7.591208496093750000e+02
7.643589477539062500e+02,8.505860595703125000e+02,8.441392211914062500e+02,7.708058471679687500e+02
8.235897216796875000e+02,8.477655639648437500e+02,8.437362670898437500e+02,7.897435913085937500e+02
7.691941528320312500e+02,8.477655639648437500e+02,8.469597167968750000e+02,7.716116943359375000e+02
7.075457763671875000e+02,8.469597167968750000e+02,8.457509155273437500e+02,7.490476074218750000e+02
7.430036621093750000e+02,8.453479614257812500e+02,8.441392211914062500e+02,7.611355590820312500e+02
8.187545776367187500e+02,8.445421142578125000e+02,8.453479614257812500e+02,7.857142944335937500e+02
8.110988769531250000e+02,8.493773193359375000e+02,8.477655639648437500e+02,7.901465454101562500e+02
7.381685180664062500e+02,8.554212646484375000e+02,8.497802124023437500e+02,7.704029541015625000e+02
7.434066162109375000e+02,8.513919677734375000e+02,8.481685180664062500e+02,7.728204956054687500e+02
8.187545776367187500e+02,8.469597167968750000e+02,8.481685180664062500e+02,8.119047851562500000e+02
8.389011230468750000e+02,8.473626098632812500e+02,8.481685180664062500e+02,8.260073242187500000e+02
7.748351440429687500e+02,8.493773193359375000e+02,8.489743652343750000e+02,8.030402832031250000e+02
7.478388061523437500e+02,8.489743652343750000e+02,8.473626098632812500e+02,7.949816894531250000e+02
8.288278198242187500e+02,8.485714111328125000e+02,8.473626098632812500e+02,8.328571166992187500e+02
8.783883056640625000e+02,8.465567626953125000e+02,8.505860595703125000e+02,8.586447143554687500e+02
8.207692260742187500e+02,8.457509155273437500e+02,8.505860595703125000e+02,8.384981689453125000e+02
7.712088012695312500e+02,8.437362670898437500e+02,8.501831665039062500e+02,8.167399291992187500e+02
8.280219726562500000e+02,8.384981689453125000e+02,8.489743652343750000e+02,8.393040161132812500e+02
8.949084472656250000e+02,8.421245117187500000e+02,8.473626098632812500e+02,8.630769042968750000e+02
8.699267578125000000e+02,8.513919677734375000e+02,8.493773193359375000e+02,8.554212646484375000e+02
8.010256347656250000e+02,8.542124633789062500e+02,8.513919677734375000e+02,8.312454223632812500e+02
8.235897216796875000e+02,8.501831665039062500e+02,8.493773193359375000e+02,8.429304199218750000e+02
9.005494384765625000e+02,8.473626098632812500e+02,8.493773193359375000e+02,8.727472534179687500e+02
9.017582397460937500e+02,8.481685180664062500e+02,8.509890136718750000e+02,8.671062011718750000e+02
8.332600708007812500e+02,8.530036621093750000e+02,8.501831665039062500e+02,8.413186645507812500e+02
8.211721801757812500e+02,8.513919677734375000e+02,8.481685180664062500e+02,8.409157714843750000e+02
8.965201416015625000e+02,8.457509155273437500e+02,8.461538696289062500e+02,8.667033081054687500e+02
9.182783813476562500e+02,8.461538696289062500e+02,8.457509155273437500e+02,8.771795043945312500e+02
8.489743652343750000e+02,8.517948608398437500e+02,8.481685180664062500e+02,8.501831665039062500e+02
8.147252807617187500e+02,8.505860595703125000e+02,8.473626098632812500e+02,8.356776733398437500e+02
8.844322509765625000e+02,8.469597167968750000e+02,8.457509155273437500e+02,8.683150024414062500e+02
9.327838745117187500e+02,8.481685180664062500e+02,8.469597167968750000e+02,8.896703491210937500e+02
8.743589477539062500e+02,8.473626098632812500e+02,8.501831665039062500e+02,8.683150024414062500e+02
8.119047851562500000e+02,8.489743652343750000e+02,8.526007080078125000e+02,8.469597167968750000e+02
8.606593627929687500e+02,8.489743652343750000e+02,8.505860595703125000e+02,8.707326049804687500e+02
9.219047851562500000e+02,8.481685180664062500e+02,8.526007080078125000e+02,8.973259887695312500e+02
8.900732421875000000e+02,8.501831665039062500e+02,8.562271118164062500e+02,8.836264038085937500e+02
8.243956298828125000e+02,8.501831665039062500e+02,8.546153564453125000e+02,8.521978149414062500e+02
8.389011230468750000e+02,8.473626098632812500e+02,8.558241577148437500e+02,8.626740112304687500e+02
9.021611938476562500e+02,8.449450683593750000e+02,8.578388061523437500e+02,8.912820434570312500e+02
9.065933837890625000e+02,8.457509155273437500e+02,8.570329589843750000e+02,8.892673950195312500e+02
8.348717651367187500e+02,8.497802124023437500e+02,8.566300659179687500e+02,8.586447143554687500e+02
8.143223266601562500e+02,8.501831665039062500e+02,8.530036621093750000e+02,8.445421142578125000e+02
8.840292968750000000e+02,8.465567626953125000e+02,8.530036621093750000e+02,8.699267578125000000e+02
9.146520385742187500e+02,8.465567626953125000e+02,8.534066162109375000e+02,8.836264038085937500e+02
8.473626098632812500e+02,8.542124633789062500e+02,8.526007080078125000e+02,8.550183105468750000e+02
8.058607788085937500e+02,8.558241577148437500e+02,8.546153564453125000e+02,8.344688720703125000e+02
8.739560546875000000e+02,8.489743652343750000e+02,8.538095092773437500e+02,8.578388061523437500e+02
9.202930297851562500e+02,8.465567626953125000e+02,8.530036621093750000e+02,8.727472534179687500e+02
8.739560546875000000e+02,8.521978149414062500e+02,8.501831665039062500e+02,8.550183105468750000e+02
8.078754882812500000e+02,8.554212646484375000e+02,8.485714111328125000e+02,8.280219726562500000e+02
8.421245117187500000e+02,8.542124633789062500e+02,8.530036621093750000e+02,8.445421142578125000e+02
9.094139404296875000e+02,8.521978149414062500e+02,8.546153564453125000e+02,8.727472534179687500e+02
8.844322509765625000e+02,8.534066162109375000e+02,8.501831665039062500e+02,8.622710571289062500e+02
8.094871826171875000e+02,8.562271118164062500e+02,8.493773193359375000e+02,8.300366210937500000e+02
8.086813354492187500e+02,8.534066162109375000e+02,8.465567626953125000e+02,8.243956298828125000e+02
8.707326049804687500e+02,8.509890136718750000e+02,8.429304199218750000e+02,8.445421142578125000e+02
8.848351440429687500e+02,8.521978149414062500e+02,8.457509155273437500e+02,8.485714111328125000e+02
8.102930297851562500e+02,8.530036621093750000e+02,8.457509155273437500e+02,8.171428833007812500e+02
7.865201416015625000e+02,8.534066162109375000e+02,8.393040161132812500e+02,8.038461303710937500e+02
8.473626098632812500e+02,8.542124633789062500e+02,8.421245117187500000e+02,8.276190185546875000e+02
8.562271118164062500e+02,8.517948608398437500e+02,8.477655639648437500e+02,8.219780273437500000e+02
7.925640869140625000e+02,8.530036621093750000e+02,8.445421142578125000e+02,7.929670410156250000e+02
7.377655639648437500e+02,8.554212646484375000e+02,8.453479614257812500e+02,7.732234497070312500e+02
7.820878906250000000e+02,8.521978149414062500e+02,8.485714111328125000e+02,7.857142944335937500e+02
8.405128173828125000e+02,8.509890136718750000e+02,8.489743652343750000e+02,8.046520385742187500e+02
8.014285888671875000e+02,8.521978149414062500e+02,8.517948608398437500e+02,7.921611938476562500e+02
7.293040161132812500e+02,8.550183105468750000e+02,8.534066162109375000e+02,7.691941528320312500e+02
7.583150024414062500e+02,8.526007080078125000e+02,8.534066162109375000e+02,7.881318969726562500e+02
8.308424682617187500e+02,8.461538696289062500e+02,8.538095092773437500e+02,8.191575317382812500e+02
8.292307739257812500e+02,8.461538696289062500e+02,8.554212646484375000e+02,8.167399291992187500e+02
7.579121093750000000e+02,8.473626098632812500e+02,8.546153564453125000e+02,7.893406372070312500e+02
7.575091552734375000e+02,8.425274658203125000e+02,8.521978149414062500e+02,7.905494384765625000e+02
8.481685180664062500e+02,8.405128173828125000e+02,8.513919677734375000e+02,8.247985229492187500e+02
8.695238037109375000e+02,8.449450683593750000e+02,8.489743652343750000e+02,8.372893676757812500e+02
7.998168334960937500e+02,8.497802124023437500e+02,8.465567626953125000e+02,8.171428833007812500e+02
7.728204956054687500e+02,8.493773193359375000e+02,8.465567626953125000e+02,8.074725341796875000e+02
8.501831665039062500e+02,8.465567626953125000e+02,8.473626098632812500e+02,8.389011230468750000e+02
8.957142944335937500e+02,8.465567626953125000e+02,8.469597167968750000e+02,8.602564086914062500e+02
8.364835205078125000e+02,8.509890136718750000e+02,8.473626098632812500e+02,8.413186645507812500e+02
7.901465454101562500e+02,8.505860595703125000e+02,8.477655639648437500e+02,8.264102783203125000e+02
8.485714111328125000e+02,8.477655639648437500e+02,8.473626098632812500e+02,8.546153564453125000e+02
9.126373901367187500e+02,8.493773193359375000e+02,8.489743652343750000e+02,8.820146484375000000e+02
8.775823974609375000e+02,8.517948608398437500e+02,8.526007080078125000e+02,8.715384521484375000e+02
8.139194335937500000e+02,8.517948608398437500e+02,8.489743652343750000e+02,8.433333129882812500e+02
8.429304199218750000e+02,8.509890136718750000e+02,8.457509155273437500e+02,8.546153564453125000e+02
9.138461303710937500e+02,8.489743652343750000e+02,8.497802124023437500e+02,8.876557006835937500e+02
9.049816894531250000e+02,8.489743652343750000e+02,8.521978149414062500e+02,8.872527465820312500e+02
8.332600708007812500e+02,8.521978149414062500e+02,8.513919677734375000e+02,8.562271118164062500e+02
8.252014770507812500e+02,8.501831665039062500e+02,8.489743652343750000e+02,8.457509155273437500e+02
9.033699340820312500e+02,8.469597167968750000e+02,8.497802124023437500e+02,8.731502075195312500e+02
9.299633789062500000e+02,8.465567626953125000e+02,8.509890136718750000e+02,8.920878906250000000e+02
8.562271118164062500e+02,8.489743652343750000e+02,8.505860595703125000e+02,8.663003540039062500e+02
8.175457763671875000e+02,8.477655639648437500e+02,8.521978149414062500e+02,8.517948608398437500e+02
8.840292968750000000e+02,8.397069702148437500e+02,8.534066162109375000e+02,8.787911987304687500e+02
9.275457763671875000e+02,8.441392211914062500e+02,8.542124633789062500e+02,8.896703491210937500e+02
8.739560546875000000e+02,8.526007080078125000e+02,8.562271118164062500e+02,8.723442993164062500e+02
8.074725341796875000e+02,8.505860595703125000e+02,8.562271118164062500e+02,8.481685180664062500e+02
8.493773193359375000e+02,8.457509155273437500e+02,8.538095092773437500e+02,8.638828125000000000e+02
9.174725341796875000e+02,8.453479614257812500e+02,8.526007080078125000e+02,8.880585937500000000e+02
8.900732421875000000e+02,8.485714111328125000e+02,8.538095092773437500e+02,8.747619018554687500e+02
8.175457763671875000e+02,8.485714111328125000e+02,8.530036621093750000e+02,8.437362670898437500e+02
8.360805664062500000e+02,8.445421142578125000e+02,8.521978149414062500e+02,8.574359130859375000e+02
9.154578857421875000e+02,8.453479614257812500e+02,8.538095092773437500e+02,8.908791503906250000e+02
9.158607788085937500e+02,8.485714111328125000e+02,8.509890136718750000e+02,8.884615478515625000e+02
8.413186645507812500e+02,8.517948608398437500e+02,8.505860595703125000e+02,8.546153564453125000e+02
8.247985229492187500e+02,8.521978149414062500e+02,8.513919677734375000e+02,8.469597167968750000e+02
9.017582397460937500e+02,8.497802124023437500e+02,8.493773193359375000e+02,8.747619018554687500e+02
9.347985229492187500e+02,8.501831665039062500e+02,8.481685180664062500e+02,8.876557006835937500e+02
8.622710571289062500e+02,8.542124633789062500e+02,8.469597167968750000e+02,8.606593627929687500e+02
8.195604248046875000e+02,8.538095092773437500e+02,8.485714111328125000e+02,8.425274658203125000e+02
8.808058471679687500e+02,8.489743652343750000e+02,8.481685180664062500e+02,8.751648559570312500e+02
9.287545776367187500e+02,8.489743652343750000e+02,8.477655639648437500e+02,8.860439453125000000e+02
8.856410522460937500e+02,8.513919677734375000e+02,8.473626098632812500e+02,8.650915527343750000e+02
8.256043701171875000e+02,8.534066162109375000e+02,8.465567626953125000e+02,8.493773193359375000e+02
8.646886596679687500e+02,8.538095092773437500e+02,8.469597167968750000e+02,8.654945068359375000e+02
9.291575317382812500e+02,8.513919677734375000e+02,8.501831665039062500e+02,8.900732421875000000e+02
9.037728881835937500e+02,8.526007080078125000e+02,8.517948608398437500e+02,8.804029541015625000e+02
8.247985229492187500e+02,8.562271118164062500e+02,8.517948608398437500e+02,8.481685180664062500e+02
8.304395751953125000e+02,8.521978149414062500e+02,8.489743652343750000e+02,8.513919677734375000e+02
9.082051391601562500e+02,8.465567626953125000e+02,8.485714111328125000e+02,8.808058471679687500e+02
9.138461303710937500e+02,8.457509155273437500e+02,8.530036621093750000e+02,8.816116943359375000e+02
8.384981689453125000e+02,8.505860595703125000e+02,8.534066162109375000e+02,8.521978149414062500e+02
8.139194335937500000e+02,8.550183105468750000e+02,8.509890136718750000e+02,8.405128173828125000e+02
8.816116943359375000e+02,8.509890136718750000e+02,8.501831665039062500e+02,8.622710571289062500e+02
9.174725341796875000e+02,8.497802124023437500e+02,8.513919677734375000e+02,8.731502075195312500e+02
8.546153564453125000e+02,8.505860595703125000e+02,8.513919677734375000e+02,8.562271118164062500e+02
7.925640869140625000e+02,8.493773193359375000e+02,8.513919677734375000e+02,8.328571166992187500e+02
8.477655639648437500e+02,8.461538696289062500e+02,8.509890136718750000e+02,8.505860595703125000e+02
9.138461303710937500e+02,8.457509155273437500e+02,8.497802124023437500e+02,8.779853515625000000e+02
8.723442993164062500e+02,8.501831665039062500e+02,8.521978149414062500e+02,8.646886596679687500e+02
8.010256347656250000e+02,8.501831665039062500e+02,8.530036621093750000e+02,8.360805664062500000e+02
8.429304199218750000e+02,8.473626098632812500e+02,8.517948608398437500e+02,8.513919677734375000e+02
9.146520385742187500e+02,8.473626098632812500e+02,8.513919677734375000e+02,8.812088012695312500e+02
8.945054931640625000e+02,8.505860595703125000e+02,8.538095092773437500e+02,8.767765502929687500e+02
8.280219726562500000e+02,8.542124633789062500e+02,8.546153564453125000e+02,8.501831665039062500e+02
8.300366210937500000e+02,8.530036621093750000e+02,8.530036621093750000e+02,8.497802124023437500e+02
9.021611938476562500e+02,8.509890136718750000e+02,8.530036621093750000e+02,8.787911987304687500e+02
9.194871826171875000e+02,8.521978149414062500e+02,8.526007080078125000e+02,8.804029541015625000e+02
8.457509155273437500e+02,8.566300659179687500e+02,8.501831665039062500e+02,8.521978149414062500e+02
8.086813354492187500e+02,8.554212646484375000e+02,8.485714111328125000e+02,8.372893676757812500e+02
8.828204956054687500e+02,8.517948608398437500e+02,8.445421142578125000e+02,8.671062011718750000e+02
9.347985229492187500e+02,8.534066162109375000e+02,8.481685180664062500e+02,8.908791503906250000e+02
8.675091552734375000e+02,8.546153564453125000e+02,8.574359130859375000e+02,8.610622558593750000e+02
8.074725341796875000e+02,8.582417602539062500e+02,8.586447143554687500e+02,8.380952148437500000e+02
8.634798583984375000e+02,8.542124633789062500e+02,8.562271118164062500e+02,8.642857055664062500e+02
9.215018310546875000e+02,8.453479614257812500e+02,8.598534545898437500e+02,8.900732421875000000e+02
8.787911987304687500e+02,8.473626098632812500e+02,8.642857055664062500e+02,8.783883056640625000e+02
8.094871826171875000e+02,8.521978149414062500e+02,8.650915527343750000e+02,8.550183105468750000e+02
8.376923217773437500e+02,8.469597167968750000e+02,8.663003540039062500e+02,8.671062011718750000e+02
9.013552856445312500e+02,8.417216186523437500e+02,8.703296508789062500e+02,9.033699340820312500e+02
8.941025390625000000e+02,8.421245117187500000e+02,8.771795043945312500e+02,9.082051391601562500e+02
8.215750732421875000e+02,8.417216186523437500e+02,8.779853515625000000e+02,8.715384521484375000e+02
8.195604248046875000e+02,8.397069702148437500e+02,8.751648559570312500e+02,8.775823974609375000e+02
8.945054931640625000e+02,8.380952148437500000e+02,8.751648559570312500e+02,9.106226806640625000e+02
9.102197875976562500e+02,8.356776733398437500e+02,8.808058471679687500e+02,9.122344360351562500e+02
8.380952148437500000e+02,8.372893676757812500e+02,8.828204956054687500e+02,8.828204956054687500e+02
8.050549316406250000e+02,8.368864746093750000e+02,8.804029541015625000e+02,8.755677490234375000e+02
8.795970458984375000e+02,8.360805664062500000e+02,8.775823974609375000e+02,8.989377441406250000e+02
9.275457763671875000e+02,8.417216186523437500e+02,8.735531005859375000e+02,9.053846435546875000e+02
8.783883056640625000e+02,8.457509155273437500e+02,8.731502075195312500e+02,8.848351440429687500e+02
8.235897216796875000e+02,8.481685180664062500e+02,8.703296508789062500e+02,8.654945068359375000e+02
8.719414062500000000e+02,8.445421142578125000e+02,8.667033081054687500e+02,8.787911987304687500e+02
9.360073242187500000e+02,8.409157714843750000e+02,8.667033081054687500e+02,8.985347900390625000e+02
9.078021850585937500e+02,8.429304199218750000e+02,8.658974609375000000e+02,8.868497924804687500e+02
8.356776733398437500e+02,8.481685180664062500e+02,8.626740112304687500e+02,8.606593627929687500e+02
8.489743652343750000e+02,8.489743652343750000e+02,8.582417602539062500e+02,8.691208496093750000e+02
9.158607788085937500e+02,8.457509155273437500e+02,8.614652099609375000e+02,8.908791503906250000e+02
9.166666870117187500e+02,8.449450683593750000e+02,8.622710571289062500e+02,8.856410522460937500e+02
8.433333129882812500e+02,8.473626098632812500e+02,8.582417602539062500e+02,8.602564086914062500e+02
8.175457763671875000e+02,8.465567626953125000e+02,8.618681030273437500e+02,8.538095092773437500e+02
8.928937988281250000e+02,8.441392211914062500e+02,8.618681030273437500e+02,8.795970458984375000e+02
9.223076782226562500e+02,8.433333129882812500e+02,8.618681030273437500e+02,8.900732421875000000e+02
8.542124633789062500e+02,8.461538696289062500e+02,8.634798583984375000e+02,8.663003540039062500e+02
8.123076782226562500e+02,8.469597167968750000e+02,8.598534545898437500e+02,8.513919677734375000e+02
8.695238037109375000e+02,8.433333129882812500e+02,8.546153564453125000e+02,8.650915527343750000e+02
9.186813354492187500e+02,8.449450683593750000e+02,8.574359130859375000e+02,8.804029541015625000e+02
8.711355590820312500e+02,8.505860595703125000e+02,8.618681030273437500e+02,8.586447143554687500e+02
8.006226806640625000e+02,8.521978149414062500e+02,8.606593627929687500e+02,8.239926757812500000e+02
8.340659179687500000e+02,8.461538696289062500e+02,8.598534545898437500e+02,8.477655639648437500e+02
8.981318969726562500e+02,8.433333129882812500e+02,8.590476074218750000e+02,8.747619018554687500e+02
8.731502075195312500e+02,8.473626098632812500e+02,8.590476074218750000e+02,8.663003540039062500e+02
7.961904907226562500e+02,8.469597167968750000e+02,8.586447143554687500e+02,8.489743652343750000e+02
8.078754882812500000e+02,8.445421142578125000e+02,8.574359130859375000e+02,8.534066162109375000e+02
8.820146484375000000e+02,8.441392211914062500e+02,8.570329589843750000e+02,8.775823974609375000e+02
8.852380981445312500e+02,8.461538696289062500e+02,8.574359130859375000e+02,8.775823974609375000e+02
8.179487304687500000e+02,8.513919677734375000e+02,8.574359130859375000e+02,8.457509155273437500e+02
8.058607788085937500e+02,8.517948608398437500e+02,8.582417602539062500e+02,8.324542236328125000e+02
8.800000000000000000e+02,8.497802124023437500e+02,8.562271118164062500e+02,8.602564086914062500e+02
9.126373901367187500e+02,8.517948608398437500e+02,8.534066162109375000e+02,8.800000000000000000e+02
8.509890136718750000e+02,8.542124633789062500e+02,8.566300659179687500e+02,8.437362670898437500e+02
8.002197875976562500e+02,8.546153564453125000e+02,8.558241577148437500e+02,8.151282348632812500e+02
8.614652099609375000e+02,8.521978149414062500e+02,8.542124633789062500e+02,8.340659179687500000e+02
9.150549316406250000e+02,8.493773193359375000e+02,8.505860595703125000e+02,8.663003540039062500e+02
8.731502075195312500e+02,8.521978149414062500e+02,8.469597167968750000e+02,8.634798583984375000e+02
8.115018310546875000e+02,8.586447143554687500e+02,8.485714111328125000e+02,8.340659179687500000e+02
8.449450683593750000e+02,8.578388061523437500e+02,8.489743652343750000e+02,8.340659179687500000e+02
9.114285888671875000e+02,8.542124633789062500e+02,8.461538696289062500e+02,8.550183105468750000e+02
8.791941528320312500e+02,8.530036621093750000e+02,8.481685180664062500e+02,8.469597167968750000e+02
7.965933837890625000e+02,8.526007080078125000e+02,8.550183105468750000e+02,8.086813354492187500e+02
8.058607788085937500e+02,8.513919677734375000e+02,8.513919677734375000e+02,8.171428833007812500e+02
8.763735961914062500e+02,8.501831665039062500e+02,8.457509155273437500e+02,8.469597167968750000e+02
8.868497924804687500e+02,8.493773193359375000e+02,8.485714111328125000e+02,8.401098632812500000e+02
8.094871826171875000e+02,8.493773193359375000e+02,8.513919677734375000e+02,8.147252807617187500e+02
7.816849975585937500e+02,8.521978149414062500e+02,8.501831665039062500e+02,8.090842285156250000e+02
8.501831665039062500e+02,8.517948608398437500e+02,8.473626098632812500e+02,8.433333129882812500e+02
8.828204956054687500e+02,8.489743652343750000e+02,8.497802124023437500e+02,8.562271118164062500e+02
8.332600708007812500e+02,8.517948608398437500e+02,8.513919677734375000e+02,8.364835205078125000e+02
7.832966918945312500e+02,8.509890136718750000e+02,8.489743652343750000e+02,8.247985229492187500e+02
8.348717651367187500e+02,8.477655639648437500e+02,8.497802124023437500e+02,8.312454223632812500e+02
8.936996459960937500e+02,8.461538696289062500e+02,8.497802124023437500e+02,8.457509155273437500e+02
8.397069702148437500e+02,8.469597167968750000e+02,8.501831665039062500e+02,8.445421142578125000e+02
7.687911987304687500e+02,8.469597167968750000e+02,8.509890136718750000e+02,8.147252807617187500e+02
8.195604248046875000e+02,8.449450683593750000e+02,8.477655639648437500e+02,8.344688720703125000e+02
8.924908447265625000e+02,8.417216186523437500e+02,8.509890136718750000e+02,8.739560546875000000e+02
8.779853515625000000e+02,8.405128173828125000e+02,8.562271118164062500e+02,8.820146484375000000e+02
8.046520385742187500e+02,8.469597167968750000e+02,8.530036621093750000e+02,8.356776733398437500e+02
8.143223266601562500e+02,8.501831665039062500e+02,8.465567626953125000e+02,8.231868286132812500e+02
8.977289428710937500e+02,8.501831665039062500e+02,8.437362670898437500e+02,8.630769042968750000e+02
9.078021850585937500e+02,8.497802124023437500e+02,8.477655639648437500e+02,8.658974609375000000e+02
8.207692260742187500e+02,8.517948608398437500e+02,8.481685180664062500e+02,8.328571166992187500e+02
7.824908447265625000e+02,8.493773193359375000e+02,8.501831665039062500e+02,8.260073242187500000e+02
8.630769042968750000e+02,8.473626098632812500e+02,8.501831665039062500e+02,8.614652099609375000e+02
9.138461303710937500e+02,8.497802124023437500e+02,8.469597167968750000e+02,8.711355590820312500e+02
8.534066162109375000e+02,8.501831665039062500e+02,8.469597167968750000e+02,8.352747192382812500e+02
7.897435913085937500e+02,8.505860595703125000e+02,8.441392211914062500e+02,8.115018310546875000e+02
8.413186645507812500e+02,8.497802124023437500e+02,8.425274658203125000e+02,8.308424682617187500e+02
9.029670410156250000e+02,8.485714111328125000e+02,8.429304199218750000e+02,8.582417602539062500e+02
8.663003540039062500e+02,8.485714111328125000e+02,8.469597167968750000e+02,8.630769042968750000e+02
7.969963378906250000e+02,8.485714111328125000e+02,8.505860595703125000e+02,8.493773193359375000e+02
8.239926757812500000e+02,8.465567626953125000e+02,8.485714111328125000e+02,8.493773193359375000e+02
8.876557006835937500e+02,8.473626098632812500e+02,8.477655639648437500e+02,8.602564086914062500e+02
8.836264038085937500e+02,8.477655639648437500e+02,8.485714111328125000e+02,8.594505615234375000e+02
8.235897216796875000e+02,8.477655639648437500e+02,8.505860595703125000e+02,8.300366210937500000e+02
8.106959838867187500e+02,8.485714111328125000e+02,8.505860595703125000e+02,8.288278198242187500e+02
8.759707031250000000e+02,8.469597167968750000e+02,8.493773193359375000e+02,8.622710571289062500e+02
8.981318969726562500e+02,8.477655639648437500e+02,8.505860595703125000e+02,8.743589477539062500e+02
8.292307739257812500e+02,8.485714111328125000e+02,8.513919677734375000e+02,8.481685180664062500e+02
7.748351440429687500e+02,8.461538696289062500e+02,8.517948608398437500e+02,8.252014770507812500e+02
8.393040161132812500e+02,8.449450683593750000e+02,8.530036621093750000e+02,8.606593627929687500e+02
9.114285888671875000e+02,8.497802124023437500e+02,8.513919677734375000e+02,8.808058471679687500e+02
8.671062011718750000e+02,8.550183105468750000e+02,8.505860595703125000e+02,8.493773193359375000e+02
7.929670410156250000e+02,8.526007080078125000e+02,8.509890136718750000e+02,8.243956298828125000e+02
8.380952148437500000e+02,8.469597167968750000e+02,8.517948608398437500e+02,8.465567626953125000e+02
9.065933837890625000e+02,8.461538696289062500e+02,8.526007080078125000e+02,8.622710571289062500e+02
8.683150024414062500e+02,8.497802124023437500e+02,8.517948608398437500e+02,8.453479614257812500e+02
7.929670410156250000e+02,8.501831665039062500e+02,8.513919677734375000e+02,8.292307739257812500e+02
8.131135253906250000e+02,8.457509155273437500e+02,8.526007080078125000e+02,8.433333129882812500e+02
8.872527465820312500e+02,8.453479614257812500e+02,8.530036621093750000e+02,8.634798583984375000e+02
8.977289428710937500e+02,8.481685180664062500e+02,8.530036621093750000e+02,8.654945068359375000e+02
8.272161254882812500e+02,8.497802124023437500e+02,8.521978149414062500e+02,8.360805664062500000e+02
8.143223266601562500e+02,8.497802124023437500e+02,8.493773193359375000e+02,8.223809814453125000e+02
8.880585937500000000e+02,8.465567626953125000e+02,8.465567626953125000e+02,8.538095092773437500e+02
9.090109863281250000e+02,8.457509155273437500e+02,8.441392211914062500e+02,8.546153564453125000e+02
8.517948608398437500e+02,8.481685180664062500e+02,8.461538696289062500e+02,8.368864746093750000e+02
8.022344360351562500e+02,8.489743652343750000e+02,8.469597167968750000e+02,8.268131713867187500e+02
8.469597167968750000e+02,8.453479614257812500e+02,8.457509155273437500e+02,8.425274658203125000e+02
9.057875366210937500e+02,8.461538696289062500e+02,8.437362670898437500e+02,8.566300659179687500e+02
8.618681030273437500e+02,8.505860595703125000e+02,8.445421142578125000e+02,8.421245117187500000e+02
7.893406372070312500e+02,8.481685180664062500e+02,8.473626098632812500e+02,8.183516235351562500e+02
8.312454223632812500e+02,8.453479614257812500e+02,8.453479614257812500e+02,8.348717651367187500e+02
9.045787353515625000e+02,8.449450683593750000e+02,8.461538696289062500e+02,8.638828125000000000e+02
8.800000000000000000e+02,8.461538696289062500e+02,8.465567626953125000e+02,8.602564086914062500e+02
8.002197875976562500e+02,8.489743652343750000e+02,8.465567626953125000e+02,8.332600708007812500e+02
8.054578857421875000e+02,8.509890136718750000e+02,8.457509155273437500e+02,8.336630249023437500e+02
8.771795043945312500e+02,8.465567626953125000e+02,8.445421142578125000e+02,8.582417602539062500e+02
8.985347900390625000e+02,8.445421142578125000e+02,8.465567626953125000e+02,8.699267578125000000e+02
8.276190185546875000e+02,8.481685180664062500e+02,8.485714111328125000e+02,8.481685180664062500e+02
7.857142944335937500e+02,8.481685180664062500e+02,8.497802124023437500e+02,8.332600708007812500e+02
8.679121093750000000e+02,8.485714111328125000e+02,8.517948608398437500e+02,8.687179565429687500e+02
9.174725341796875000e+02,8.517948608398437500e+02,8.497802124023437500e+02,8.828204956054687500e+02
8.602564086914062500e+02,8.542124633789062500e+02,8.481685180664062500e+02,8.574359130859375000e+02
8.090842285156250000e+02,8.538095092773437500e+02,8.521978149414062500e+02,8.401098632812500000e+02
8.348717651367187500e+02,8.489743652343750000e+02,8.570329589843750000e+02,8.437362670898437500e+02
8.804029541015625000e+02,8.469597167968750000e+02,8.574359130859375000e+02,8.658974609375000000e+02
8.473626098632812500e+02,8.469597167968750000e+02,8.566300659179687500e+02,8.598534545898437500e+02
7.752380981445312500e+02,8.493773193359375000e+02,8.530036621093750000e+02,8.078754882812500000e+02
8.066666870117187500e+02,8.465567626953125000e+02,8.513919677734375000e+02,8.094871826171875000e+02
8.763735961914062500e+02,8.445421142578125000e+02,8.530036621093750000e+02,8.409157714843750000e+02
8.570329589843750000e+02,8.485714111328125000e+02,8.538095092773437500e+02,8.393040161132812500e+02
7.708058471679687500e+02,8.513919677734375000e+02,8.538095092773437500e+02,8.002197875976562500e+02
7.724176025390625000e+02,8.489743652343750000e+02,8.513919677734375000e+02,7.982051391601562500e+02
8.598534545898437500e+02,8.505860595703125000e+02,8.485714111328125000e+02,8.389011230468750000e+02
8.924908447265625000e+02,8.538095092773437500e+02,8.501831665039062500e+02,8.441392211914062500e+02
7.986080322265625000e+02,8.578388061523437500e+02,8.517948608398437500e+02,8.082783813476562500e+02
7.446153564453125000e+02,8.586447143554687500e+02,8.513919677734375000e+02,8.066666870117187500e+02
8.372893676757812500e+02,8.477655639648437500e+02,8.517948608398437500e+02,8.550183105468750000e+02
8.981318969726562500e+02,8.473626098632812500e+02,8.505860595703125000e+02,8.626740112304687500e+02
8.429304199218750000e+02,8.546153564453125000e+02,8.501831665039062500e+02,8.316483764648437500e+02
7.724176025390625000e+02,8.542124633789062500e+02,8.501831665039062500e+02,8.127106323242187500e+02
8.296337280273437500e+02,8.489743652343750000e+02,8.485714111328125000e+02,8.473626098632812500e+02
9.009523925781250000e+02,8.473626098632812500e+02,8.501831665039062500e+02,8.795970458984375000e+02
8.671062011718750000e+02,8.517948608398437500e+02,8.493773193359375000e+02,8.550183105468750000e+02
8.042490844726562500e+02,8.542124633789062500e+02,8.473626098632812500e+02,8.243956298828125000e+02
8.171428833007812500e+02,8.521978149414062500e+02,8.489743652343750000e+02,8.437362670898437500e+02
8.973259887695312500e+02,8.509890136718750000e+02,8.501831665039062500e+02,8.699267578125000000e+02
9.053846435546875000e+02,8.521978149414062500e+02,8.477655639648437500e+02,8.574359130859375000e+02
8.280219726562500000e+02,8.534066162109375000e+02,8.497802124023437500e+02,8.360805664062500000e+02
8.147252807617187500e+02,8.526007080078125000e+02,8.521978149414062500e+02,8.413186645507812500e+02
8.844322509765625000e+02,8.505860595703125000e+02,8.517948608398437500e+02,8.638828125000000000e+02
9.122344360351562500e+02,8.550183105468750000e+02,8.489743652343750000e+02,8.658974609375000000e+02
8.513919677734375000e+02,8.602564086914062500e+02,8.493773193359375000e+02,8.384981689453125000e+02
8.074725341796875000e+02,8.538095092773437500e+02,8.530036621093750000e+02,8.312454223632812500e+02
8.658974609375000000e+02,8.517948608398437500e+02,8.497802124023437500e+02,8.574359130859375000e+02
9.106226806640625000e+02,8.481685180664062500e+02,8.489743652343750000e+02,8.735531005859375000e+02
8.497802124023437500e+02,8.473626098632812500e+02,8.505860595703125000e+02,8.433333129882812500e+02
7.941758422851562500e+02,8.485714111328125000e+02,8.485714111328125000e+02,8.211721801757812500e+02
8.501831665039062500e+02,8.473626098632812500e+02,8.481685180664062500e+02,8.505860595703125000e+02
9.110256347656250000e+02,8.493773193359375000e+02,8.493773193359375000e+02,8.683150024414062500e+02
8.808058471679687500e+02,8.505860595703125000e+02,8.493773193359375000e+02,8.497802124023437500e+02
8.038461303710937500e+02,8.473626098632812500e+02,8.517948608398437500e+02,8.252014770507812500e+02
8.155311279296875000e+02,8.469597167968750000e+02,8.497802124023437500e+02,8.344688720703125000e+02
8.941025390625000000e+02,8.469597167968750000e+02,8.461538696289062500e+02,8.521978149414062500e+02
9.029670410156250000e+02,8.513919677734375000e+02,8.501831665039062500e+02,8.626740112304687500e+02
8.231868286132812500e+02,8.538095092773437500e+02,8.509890136718750000e+02,8.409157714843750000e+02
8.002197875976562500e+02,8.526007080078125000e+02,8.481685180664062500e+02,8.340659179687500000e+02
8.703296508789062500e+02,8.526007080078125000e+02,8.453479614257812500e+02,8.606593627929687500e+02
9.138461303710937500e+02,8.517948608398437500e+02,8.449450683593750000e+02,8.610622558593750000e+02
8.513919677734375000e+02,8.546153564453125000e+02,8.485714111328125000e+02,8.417216186523437500e+02
7.917582397460937500e+02,8.534066162109375000e+02,8.473626098632812500e+02,8.292307739257812500e+02
8.590476074218750000e+02,8.517948608398437500e+02,8.457509155273437500e+02,8.538095092773437500e+02
9.142490844726562500e+02,8.497802124023437500e+02,8.445421142578125000e+02,8.743589477539062500e+02
8.634798583984375000e+02,8.513919677734375000e+02,8.441392211914062500e+02,8.578388061523437500e+02
7.937728881835937500e+02,8.534066162109375000e+02,8.477655639648437500e+02,8.264102783203125000e+02
8.356776733398437500e+02,8.513919677734375000e+02,8.477655639648437500e+02,8.433333129882812500e+02
8.997435913085937500e+02,8.526007080078125000e+02,8.481685180664062500e+02,8.775823974609375000e+02
8.739560546875000000e+02,8.558241577148437500e+02,8.465567626953125000e+02,8.606593627929687500e+02
8.123076782226562500e+02,8.566300659179687500e+02,8.449450683593750000e+02,8.272161254882812500e+02
8.227838745117187500e+02,8.530036621093750000e+02,8.441392211914062500e+02,8.292307739257812500e+02
8.949084472656250000e+02,8.521978149414062500e+02,8.425274658203125000e+02,8.610622558593750000e+02
8.997435913085937500e+02,8.542124633789062500e+02,8.445421142578125000e+02,8.695238037109375000e+02
8.207692260742187500e+02,8.562271118164062500e+02,8.461538696289062500e+02,8.401098632812500000e+02
8.006226806640625000e+02,8.542124633789062500e+02,8.449450683593750000e+02,8.247985229492187500e+02
8.719414062500000000e+02,8.485714111328125000e+02,8.473626098632812500e+02,8.590476074218750000e+02
8.977289428710937500e+02,8.501831665039062500e+02,8.493773193359375000e+02,8.812088012695312500e+02
8.469597167968750000e+02,8.554212646484375000e+02,8.489743652343750000e+02,8.509890136718750000e+02
8.022344360351562500e+02,8.566300659179687500e+02,8.469597167968750000e+02,8.272161254882812500e+02
8.517948608398437500e+02,8.521978149414062500e+02,8.461538696289062500e+02,8.513919677734375000e+02
9.041758422851562500e+02,8.497802124023437500e+02,8.497802124023437500e+02,8.719414062500000000e+02
8.671062011718750000e+02,8.513919677734375000e+02,8.501831665039062500e+02,8.610622558593750000e+02
8.086813354492187500e+02,8.530036621093750000e+02,8.501831665039062500e+02,8.384981689453125000e+02
8.320512695312500000e+02,8.505860595703125000e+02,8.493773193359375000e+02,8.457509155273437500e+02
8.957142944335937500e+02,8.485714111328125000e+02,8.473626098632812500e+02,8.699267578125000000e+02
8.844322509765625000e+02,8.509890136718750000e+02,8.461538696289062500e+02,8.667033081054687500e+02
8.127106323242187500e+02,8.538095092773437500e+02,8.433333129882812500e+02,8.356776733398437500e+02
8.167399291992187500e+02,8.538095092773437500e+02,8.417216186523437500e+02,8.324542236328125000e+02
8.977289428710937500e+02,8.513919677734375000e+02,8.405128173828125000e+02,8.630769042968750000e+02
9.049816894531250000e+02,8.501831665039062500e+02,8.441392211914062500e+02,8.703296508789062500e+02
8.187545776367187500e+02,8.497802124023437500e+02,8.538095092773437500e+02,8.453479614257812500e+02
7.929670410156250000e+02,8.441392211914062500e+02,8.586447143554687500e+02,8.405128173828125000e+02
8.751648559570312500e+02,8.477655639648437500e+02,8.517948608398437500e+02,8.634798583984375000e+02
9.122344360351562500e+02,8.542124633789062500e+02,8.441392211914062500e+02,8.679121093750000000e+02
8.497802124023437500e+02,8.558241577148437500e+02,8.429304199218750000e+02,8.429304199218750000e+02
7.933699340820312500e+02,8.546153564453125000e+02,8.405128173828125000e+02,8.227838745117187500e+02
8.469597167968750000e+02,8.521978149414062500e+02,8.364835205078125000e+02,8.368864746093750000e+02
9.086080322265625000e+02,8.562271118164062500e+02,8.340659179687500000e+02,8.558241577148437500e+02
8.735531005859375000e+02,8.618681030273437500e+02,8.328571166992187500e+02,8.509890136718750000e+02
8.054578857421875000e+02,8.630769042968750000e+02,8.288278198242187500e+02,8.223809814453125000e+02
8.316483764648437500e+02,8.642857055664062500e+02,8.252014770507812500e+02,8.272161254882812500e+02
9.150549316406250000e+02,8.667033081054687500e+02,8.203662719726562500e+02,8.461538696289062500e+02
9.013552856445312500e+02,8.634798583984375000e+02,8.199633789062500000e+02,8.433333129882812500e+02
8.135164794921875000e+02,8.630769042968750000e+02,8.187545776367187500e+02,8.098901367187500000e+02
8.018314819335937500e+02,8.667033081054687500e+02,8.139194335937500000e+02,8.002197875976562500e+02
8.707326049804687500e+02,8.695238037109375000e+02,8.098901367187500000e+02,8.280219726562500000e+02
9.106226806640625000e+02,8.679121093750000000e+02,8.127106323242187500e+02,8.405128173828125000e+02
8.433333129882812500e+02,8.675091552734375000e+02,8.163369750976562500e+02,8.247985229492187500e+02
8.034432373046875000e+02,8.699267578125000000e+02,8.175457763671875000e+02,8.167399291992187500e+02
8.650915527343750000e+02,8.630769042968750000e+02,8.187545776367187500e+02,8.421245117187500000e+02
8.997435913085937500e+02,8.602564086914062500e+02,8.191575317382812500e+02,8.598534545898437500e+02
8.550183105468750000e+02,8.642857055664062500e+02,8.239926757812500000e+02,8.348717651367187500e+02
8.199633789062500000e+02,8.634798583984375000e+02,8.247985229492187500e+02,8.139194335937500000e+02
8.683150024414062500e+02,8.598534545898437500e+02,8.235897216796875000e+02,8.352747192382812500e+02
9.279487304687500000e+02,8.582417602539062500e+02,8.264102783203125000e+02,8.546153564453125000e+02
8.888644409179687500e+02,8.614652099609375000e+02,8.288278198242187500e+02,8.437362670898437500e+02
8.115018310546875000e+02,8.618681030273437500e+02,8.308424682617187500e+02,8.187545776367187500e+02
8.332600708007812500e+02,8.594505615234375000e+02,8.312454223632812500e+02,8.284249267578125000e+02
9.073992919921875000e+02,8.574359130859375000e+02,8.312454223632812500e+02,8.558241577148437500e+02
8.993406372070312500e+02,8.558241577148437500e+02,8.328571166992187500e+02,8.538095092773437500e+02
8.243956298828125000e+02,8.558241577148437500e+02,8.368864746093750000e+02,8.247985229492187500e+02
8.123076782226562500e+02,8.546153564453125000e+02,8.356776733398437500e+02,8.231868286132812500e+02
8.808058471679687500e+02,8.505860595703125000e+02,8.340659179687500000e+02,8.554212646484375000e+02
9.065933837890625000e+02,8.473626098632812500e+02,8.372893676757812500e+02,8.634798583984375000e+02
8.441392211914062500e+02,8.497802124023437500e+02,8.397069702148437500e+02,8.368864746093750000e+02
7.949816894531250000e+02,8.501831665039062500e+02,8.405128173828125000e+02,8.239926757812500000e+02
8.526007080078125000e+02,8.493773193359375000e+02,8.413186645507812500e+02,8.530036621093750000e+02
9.073992919921875000e+02,8.521978149414062500e+02,8.425274658203125000e+02,8.703296508789062500e+02
8.602564086914062500e+02,8.521978149414062500e+02,8.433333129882812500e+02,8.497802124023437500e+02
7.949816894531250000e+02,8.509890136718750000e+02,8.413186645507812500e+02,8.235897216796875000e+02
8.324542236328125000e+02,8.481685180664062500e+02,8.425274658203125000e+02,8.397069702148437500e+02
8.965201416015625000e+02,8.489743652343750000e+02,8.417216186523437500e+02,8.630769042968750000e+02
8.763735961914062500e+02,8.517948608398437500e+02,8.405128173828125000e+02,8.586447143554687500e+02
8.086813354492187500e+02,8.501831665039062500e+02,8.457509155273437500e+02,8.332600708007812500e+02
8.135164794921875000e+02,8.489743652343750000e+02,8.449450683593750000e+02,8.376923217773437500e+02
8.912820434570312500e+02,8.493773193359375000e+02,8.445421142578125000e+02,8.642857055664062500e+02
9.126373901367187500e+02,8.493773193359375000e+02,8.469597167968750000e+02,8.630769042968750000e+02
8.364835205078125000e+02,8.526007080078125000e+02,8.481685180664062500e+02,8.389011230468750000e+02
8.042490844726562500e+02,8.517948608398437500e+02,8.465567626953125000e+02,8.384981689453125000e+02
8.791941528320312500e+02,8.465567626953125000e+02,8.461538696289062500e+02,8.675091552734375000e+02
9.255311279296875000e+02,8.485714111328125000e+02,8.461538696289062500e+02,8.723442993164062500e+02
8.554212646484375000e+02,8.546153564453125000e+02,8.469597167968750000e+02,8.481685180664062500e+02
7.949816894531250000e+02,8.534066162109375000e+02,8.453479614257812500e+02,8.324542236328125000e+02
8.654945068359375000e+02,8.517948608398437500e+02,8.421245117187500000e+02,8.530036621093750000e+02
9.243223266601562500e+02,8.509890136718750000e+02,8.441392211914062500e+02,8.743589477539062500e+02
8.755677490234375000e+02,8.521978149414062500e+02,8.461538696289062500e+02,8.578388061523437500e+02
8.030402832031250000e+02,8.534066162109375000e+02,8.461538696289062500e+02,8.292307739257812500e+02
8.332600708007812500e+02,8.501831665039062500e+02,8.461538696289062500e+02,8.405128173828125000e+02
8.989377441406250000e+02,8.489743652343750000e+02,8.485714111328125000e+02,8.590476074218750000e+02
8.804029541015625000e+02,8.509890136718750000e+02,8.481685180664062500e+02,8.501831665039062500e+02
8.155311279296875000e+02,8.542124633789062500e+02,8.461538696289062500e+02,8.252014770507812500e+02
8.110988769531250000e+02,8.517948608398437500e+02,8.461538696289062500e+02,8.292307739257812500e+02
8.800000000000000000e+02,8.477655639648437500e+02,8.465567626953125000e+02,8.566300659179687500e+02
8.981318969726562500e+02,8.489743652343750000e+02,8.497802124023437500e+02,8.602564086914062500e+02
8.183516235351562500e+02,8.493773193359375000e+02,8.521978149414062500e+02,8.348717651367187500e+02
7.865201416015625000e+02,8.473626098632812500e+02,8.517948608398437500e+02,8.239926757812500000e+02
8.558241577148437500e+02,8.481685180664062500e+02,8.530036621093750000e+02,8.513919677734375000e+02
8.932966918945312500e+02,8.481685180664062500e+02,8.534066162109375000e+02,8.638828125000000000e+02
8.336630249023437500e+02,8.509890136718750000e+02,8.505860595703125000e+02,8.449450683593750000e+02
7.796703491210937500e+02,8.505860595703125000e+02,8.509890136718750000e+02,8.264102783203125000e+02
8.368864746093750000e+02,8.481685180664062500e+02,8.481685180664062500e+02,8.380952148437500000e+02
9.009523925781250000e+02,8.497802124023437500e+02,8.449450683593750000e+02,8.658974609375000000e+02
8.675091552734375000e+02,8.526007080078125000e+02,8.449450683593750000e+02,8.562271118164062500e+02
8.026373901367187500e+02,8.538095092773437500e+02,8.413186645507812500e+02,8.239926757812500000e+02
8.312454223632812500e+02,8.497802124023437500e+02,8.437362670898437500e+02,8.360805664062500000e+02
9.041758422851562500e+02,8.505860595703125000e+02,8.473626098632812500e+02,8.667033081054687500e+02
9.005494384765625000e+02,8.538095092773437500e+02,8.469597167968750000e+02,8.642857055664062500e+02
8.247985229492187500e+02,8.538095092773437500e+02,8.465567626953125000e+02,8.300366210937500000e+02
8.050549316406250000e+02,8.517948608398437500e+02,8.473626098632812500e+02,8.239926757812500000e+02
8.715384521484375000e+02,8.481685180664062500e+02,8.465567626953125000e+02,8.542124633789062500e+02
9.009523925781250000e+02,8.497802124023437500e+02,8.441392211914062500e+02,8.630769042968750000e+02
8.344688720703125000e+02,8.526007080078125000e+02,8.449450683593750000e+02,8.368864746093750000e+02
7.998168334960937500e+02,8.521978149414062500e+02,8.449450683593750000e+02,8.252014770507812500e+02
8.663003540039062500e+02,8.497802124023437500e+02,8.481685180664062500e+02,8.517948608398437500e+02
9.090109863281250000e+02,8.513919677734375000e+02,8.461538696289062500e+02,8.638828125000000000e+02
8.578388061523437500e+02,8.550183105468750000e+02,8.449450683593750000e+02,8.372893676757812500e+02
7.913552856445312500e+02,8.513919677734375000e+02,8.493773193359375000e+02,8.167399291992187500e+02
8.360805664062500000e+02,8.485714111328125000e+02,8.433333129882812500e+02,8.409157714843750000e+02
9.041758422851562500e+02,8.505860595703125000e+02,8.437362670898437500e+02,8.654945068359375000e+02
8.679121093750000000e+02,8.526007080078125000e+02,8.477655639648437500e+02,8.461538696289062500e+02
7.917582397460937500e+02,8.542124633789062500e+02,8.465567626953125000e+02,8.207692260742187500e+02
8.215750732421875000e+02,8.550183105468750000e+02,8.489743652343750000e+02,8.336630249023437500e+02
8.941025390625000000e+02,8.513919677734375000e+02,8.521978149414062500e+02,8.614652099609375000e+02
8.868497924804687500e+02,8.509890136718750000e+02,8.505860595703125000e+02,8.695238037109375000e+02
8.151282348632812500e+02,8.526007080078125000e+02,8.497802124023437500e+02,8.421245117187500000e+02
7.961904907226562500e+02,8.513919677734375000e+02,8.493773193359375000e+02,8.304395751953125000e+02
8.695238037109375000e+02,8.485714111328125000e+02,8.505860595703125000e+02,8.610622558593750000e+02
9.017582397460937500e+02,8.493773193359375000e+02,8.526007080078125000e+02,8.739560546875000000e+02
8.288278198242187500e+02,8.542124633789062500e+02,8.493773193359375000e+02,8.477655639648437500e+02
7.917582397460937500e+02,8.534066162109375000e+02,8.437362670898437500e+02,8.348717651367187500e+02
8.586447143554687500e+02,8.497802124023437500e+02,8.449450683593750000e+02,8.521978149414062500e+02
9.029670410156250000e+02,8.517948608398437500e+02,8.497802124023437500e+02,8.663003540039062500e+02
8.554212646484375000e+02,8.534066162109375000e+02,8.513919677734375000e+02,8.489743652343750000e+02
7.905494384765625000e+02,8.517948608398437500e+02,8.493773193359375000e+02,8.187545776367187500e+02
8.433333129882812500e+02,8.538095092773437500e+02,8.469597167968750000e+02,8.356776733398437500e+02
9.162637329101562500e+02,8.530036621093750000e+02,8.469597167968750000e+02,8.650915527343750000e+02
8.804029541015625000e+02,8.497802124023437500e+02,8.469597167968750000e+02,8.509890136718750000e+02
8.022344360351562500e+02,8.526007080078125000e+02,8.501831665039062500e+02,8.256043701171875000e+02
8.123076782226562500e+02,8.493773193359375000e+02,8.501831665039062500e+02,8.328571166992187500e+02
8.892673950195312500e+02,8.441392211914062500e+02,8.505860595703125000e+02,8.614652099609375000e+02
8.969230957031250000e+02,8.445421142578125000e+02,8.546153564453125000e+02,8.650915527343750000e+02
8.171428833007812500e+02,8.509890136718750000e+02,8.554212646484375000e+02,8.280219726562500000e+02
7.965933837890625000e+02,8.578388061523437500e+02,8.513919677734375000e+02,8.187545776367187500e+02
8.735531005859375000e+02,8.558241577148437500e+02,8.501831665039062500e+02,8.521978149414062500e+02
8.961171875000000000e+02,8.505860595703125000e+02,8.505860595703125000e+02,8.614652099609375000e+02
8.389011230468750000e+02,8.493773193359375000e+02,8.526007080078125000e+02,8.368864746093750000e+02
7.982051391601562500e+02,8.513919677734375000e+02,8.509890136718750000e+02,8.284249267578125000e+02
8.413186645507812500e+02,8.465567626953125000e+02,8.497802124023437500e+02,8.530036621093750000e+02
8.892673950195312500e+02,8.449450683593750000e+02,8.493773193359375000e+02,8.675091552734375000e+02
8.501831665039062500e+02,8.489743652343750000e+02,8.501831665039062500e+02,8.526007080078125000e+02
7.925640869140625000e+02,8.465567626953125000e+02,8.497802124023437500e+02,8.348717651367187500e+02
8.280219726562500000e+02,8.453479614257812500e+02,8.465567626953125000e+02,8.461538696289062500e+02
8.949084472656250000e+02,8.485714111328125000e+02,8.465567626953125000e+02,8.634798583984375000e+02
8.775823974609375000e+02,8.465567626953125000e+02,8.449450683593750000e+02,8.538095092773437500e+02
8.030402832031250000e+02,8.493773193359375000e+02,8.425274658203125000e+02,8.243956298828125000e+02
8.110988769531250000e+02,8.485714111328125000e+02,8.453479614257812500e+02,8.328571166992187500e+02
8.751648559570312500e+02,8.421245117187500000e+02,8.517948608398437500e+02,8.582417602539062500e+02
8.787911987304687500e+02,8.441392211914062500e+02,8.530036621093750000e+02,8.554212646484375000e+02
8.231868286132812500e+02,8.489743652343750000e+02,8.534066162109375000e+02,8.332600708007812500e+02
8.086813354492187500e+02,8.485714111328125000e+02,8.513919677734375000e+02,8.260073242187500000e+02
8.683150024414062500e+02,8.457509155273437500e+02,8.485714111328125000e+02,8.461538696289062500e+02
9.025640869140625000e+02,8.453479614257812500e+02,8.481685180664062500e+02,8.634798583984375000e+02
8.481685180664062500e+02,8.481685180664062500e+02,8.526007080078125000e+02,8.453479614257812500e+02
8.010256347656250000e+02,8.509890136718750000e+02,8.530036621093750000e+02,8.223809814453125000e+02
8.606593627929687500e+02,8.457509155273437500e+02,8.481685180664062500e+02,8.457509155273437500e+02
9.126373901367187500e+02,8.465567626953125000e+02,8.501831665039062500e+02,8.767765502929687500e+02
8.707326049804687500e+02,8.517948608398437500e+02,8.521978149414062500e+02,8.594505615234375000e+02
7.994139404296875000e+02,8.534066162109375000e+02,8.542124633789062500e+02,8.243956298828125000e+02
8.300366210937500000e+02,8.505860595703125000e+02,8.566300659179687500e+02,8.409157714843750000e+02
9.037728881835937500e+02,8.489743652343750000e+02,8.554212646484375000e+02,8.663003540039062500e+02
8.840292968750000000e+02,8.509890136718750000e+02,8.554212646484375000e+02,8.614652099609375000e+02
8.042490844726562500e+02,8.526007080078125000e+02,8.534066162109375000e+02,8.348717651367187500e+02
8.066666870117187500e+02,8.501831665039062500e+02,8.509890136718750000e+02,8.268131713867187500e+02
8.868497924804687500e+02,8.485714111328125000e+02,8.485714111328125000e+02,8.586447143554687500e+02
9.033699340820312500e+02,8.485714111328125000e+02,8.489743652343750000e+02,8.723442993164062500e+02
8.243956298828125000e+02,8.477655639648437500e+02,8.542124633789062500e+02,8.453479614257812500e+02
7.913552856445312500e+02,8.489743652343750000e+02,8.566300659179687500e+02,8.280219726562500000e+02
8.618681030273437500e+02,8.493773193359375000e+02,8.526007080078125000e+02,8.554212646484375000e+02
9.061904907226562500e+02,8.465567626953125000e+02,8.505860595703125000e+02,8.767765502929687500e+02
8.469597167968750000e+02,8.477655639648437500e+02,8.530036621093750000e+02,8.473626098632812500e+02
7.909523925781250000e+02,8.485714111328125000e+02,8.521978149414062500e+02,8.175457763671875000e+02
8.477655639648437500e+02,8.481685180664062500e+02,8.501831665039062500e+02,8.513919677734375000e+02
9.102197875976562500e+02,8.513919677734375000e+02,8.509890136718750000e+02,8.824176025390625000e+02
8.755677490234375000e+02,8.526007080078125000e+02,8.517948608398437500e+02,8.509890136718750000e+02
8.030402832031250000e+02,8.526007080078125000e+02,8.501831665039062500e+02,8.223809814453125000e+02
8.284249267578125000e+02,8.526007080078125000e+02,8.489743652343750000e+02,8.465567626953125000e+02
9.037728881835937500e+02,8.530036621093750000e+02,8.534066162109375000e+02,8.743589477539062500e+02
8.957142944335937500e+02,8.534066162109375000e+02,8.517948608398437500e+02,8.622710571289062500e+02
8.211721801757812500e+02,8.546153564453125000e+02,8.473626098632812500e+02,8.368864746093750000e+02
8.106959838867187500e+02,8.562271118164062500e+02,8.461538696289062500e+02,8.405128173828125000e+02
8.820146484375000000e+02,8.546153564453125000e+02,8.509890136718750000e+02,8.590476074218750000e+02
9.025640869140625000e+02,8.538095092773437500e+02,8.481685180664062500e+02,8.598534545898437500e+02
8.429304199218750000e+02,8.558241577148437500e+02,8.421245117187500000e+02,8.368864746093750000e+02
7.998168334960937500e+02,8.530036621093750000e+02,8.473626098632812500e+02,8.211721801757812500e+02
8.562271118164062500e+02,8.517948608398437500e+02,8.477655639648437500e+02,8.513919677734375000e+02
9.082051391601562500e+02,8.517948608398437500e+02,8.493773193359375000e+02,8.663003540039062500e+02
8.521978149414062500e+02,8.530036621093750000e+02,8.509890136718750000e+02,8.489743652343750000e+02
7.905494384765625000e+02,8.554212646484375000e+02,8.497802124023437500e+02,8.264102783203125000e+02
8.417216186523437500e+02,8.550183105468750000e+02,8.481685180664062500e+02,8.409157714843750000e+02
9.053846435546875000e+02,8.558241577148437500e+02,8.465567626953125000e+02,8.650915527343750000e+02
8.771795043945312500e+02,8.562271118164062500e+02,8.485714111328125000e+02,8.642857055664062500e+02
8.026373901367187500e+02,8.558241577148437500e+02,8.493773193359375000e+02,8.344688720703125000e+02
8.135164794921875000e+02,8.513919677734375000e+02,8.481685180664062500e+02,8.376923217773437500e+02
8.880585937500000000e+02,8.477655639648437500e+02,8.481685180664062500e+02,8.739560546875000000e+02
8.888644409179687500e+02,8.473626098632812500e+02,8.505860595703125000e+02,8.638828125000000000e+02
8.243956298828125000e+02,8.501831665039062500e+02,8.501831665039062500e+02,8.320512695312500000e+02
8.082783813476562500e+02,8.497802124023437500e+02,8.497802124023437500e+02,8.312454223632812500e+02
8.727472534179687500e+02,8.465567626953125000e+02,8.493773193359375000e+02,8.610622558593750000e+02
9.037728881835937500e+02,8.505860595703125000e+02,8.477655639648437500e+02,8.779853515625000000e+02
8.405128173828125000e+02,8.513919677734375000e+02,8.505860595703125000e+02,8.513919677734375000e+02
7.965933837890625000e+02,8.521978149414062500e+02,8.457509155273437500e+02,8.296337280273437500e+02
8.634798583984375000e+02,8.517948608398437500e+02,8.433333129882812500e+02,8.546153564453125000e+02
9.094139404296875000e+02,8.505860595703125000e+02,8.457509155273437500e+02,8.763735961914062500e+02
8.642857055664062500e+02,8.521978149414062500e+02,8.469597167968750000e+02,8.574359130859375000e+02
8.066666870117187500e+02,8.534066162109375000e+02,8.477655639648437500e+02,8.292307739257812500e+02
8.356776733398437500e+02,8.509890136718750000e+02,8.501831665039062500e+02,8.489743652343750000e+02
9.017582397460937500e+02,8.501831665039062500e+02,8.497802124023437500e+02,8.763735961914062500e+02
8.832234497070312500e+02,8.526007080078125000e+02,8.493773193359375000e+02,8.675091552734375000e+02
8.010256347656250000e+02,8.517948608398437500e+02,8.469597167968750000e+02,8.308424682617187500e+02
8.066666870117187500e+02,8.497802124023437500e+02,8.469597167968750000e+02,8.256043701171875000e+02
8.848351440429687500e+02,8.437362670898437500e+02,8.457509155273437500e+02,8.642857055664062500e+02
8.945054931640625000e+02,8.421245117187500000e+02,8.493773193359375000e+02,8.707326049804687500e+02
8.247985229492187500e+02,8.493773193359375000e+02,8.538095092773437500e+02,8.320512695312500000e+02
7.953846435546875000e+02,8.542124633789062500e+02,8.517948608398437500e+02,8.284249267578125000e+02
8.586447143554687500e+02,8.469597167968750000e+02,8.469597167968750000e+02,8.497802124023437500e+02
8.993406372070312500e+02,8.437362670898437500e+02,8.469597167968750000e+02,8.586447143554687500e+02
8.372893676757812500e+02,8.538095092773437500e+02,8.513919677734375000e+02,8.397069702148437500e+02
7.732234497070312500e+02,8.534066162109375000e+02,8.445421142578125000e+02,8.151282348632812500e+02
8.389011230468750000e+02,8.465567626953125000e+02,8.445421142578125000e+02,8.397069702148437500e+02
9.090109863281250000e+02,8.513919677734375000e+02,8.481685180664062500e+02,8.598534545898437500e+02
8.606593627929687500e+02,8.598534545898437500e+02,8.465567626953125000e+02,8.320512695312500000e+02
7.849084472656250000e+02,8.618681030273437500e+02,8.405128173828125000e+02,8.078754882812500000e+02
8.312454223632812500e+02,8.582417602539062500e+02,8.352747192382812500e+02,8.344688720703125000e+02
9.061904907226562500e+02,8.558241577148437500e+02,8.372893676757812500e+02,8.590476074218750000e+02
8.848351440429687500e+02,8.622710571289062500e+02,8.348717651367187500e+02,8.469597167968750000e+02
8.078754882812500000e+02,8.675091552734375000e+02,8.284249267578125000e+02,8.155311279296875000e+02
8.058607788085937500e+02,8.675091552734375000e+02,8.288278198242187500e+02,8.151282348632812500e+02
8.824176025390625000e+02,8.626740112304687500e+02,8.264102783203125000e+02,8.429304199218750000e+02
8.916849975585937500e+02,8.610622558593750000e+02,8.239926757812500000e+02,8.380952148437500000e+02
8.300366210937500000e+02,8.671062011718750000e+02,8.215750732421875000e+02,8.143223266601562500e+02
7.937728881835937500e+02,8.663003540039062500e+02,8.163369750976562500e+02,7.982051391601562500e+02
8.538095092773437500e+02,8.566300659179687500e+02,8.187545776367187500e+02,8.239926757812500000e+02
8.977289428710937500e+02,8.489743652343750000e+02,8.235897216796875000e+02,8.465567626953125000e+02
8.425274658203125000e+02,8.578388061523437500e+02,8.260073242187500000e+02,8.239926757812500000e+02
7.901465454101562500e+02,8.646886596679687500e+02,8.296337280273437500e+02,8.054578857421875000e+02
8.401098632812500000e+02,8.598534545898437500e+02,8.332600708007812500e+02,8.304395751953125000e+02
8.973259887695312500e+02,8.574359130859375000e+02,8.364835205078125000e+02,8.505860595703125000e+02
8.614652099609375000e+02,8.602564086914062500e+02,8.368864746093750000e+02,8.397069702148437500e+02
7.973992919921875000e+02,8.614652099609375000e+02,8.368864746093750000e+02,8.147252807617187500e+02
8.191575317382812500e+02,8.594505615234375000e+02,8.360805664062500000e+02,8.276190185546875000e+02
8.864468994140625000e+02,8.562271118164062500e+02,8.364835205078125000e+02,8.570329589843750000e+02
8.872527465820312500e+02,8.526007080078125000e+02,8.397069702148437500e+02,8.489743652343750000e+02
8.098901367187500000e+02,8.534066162109375000e+02,8.372893676757812500e+02,8.187545776367187500e+02
7.986080322265625000e+02,8.554212646484375000e+02,8.364835205078125000e+02,8.219780273437500000e+02
8.755677490234375000e+02,8.542124633789062500e+02,8.356776733398437500e+02,8.445421142578125000e+02
9.029670410156250000e+02,8.534066162109375000e+02,8.360805664062500000e+02,8.582417602539062500e+02
8.397069702148437500e+02,8.554212646484375000e+02,8.429304199218750000e+02,8.485714111328125000e+02
7.994139404296875000e+02,8.542124633789062500e+02,8.441392211914062500e+02,8.272161254882812500e+02
8.650915527343750000e+02,8.485714111328125000e+02,8.421245117187500000e+02,8.417216186523437500e+02
9.198901367187500000e+02,8.421245117187500000e+02,8.441392211914062500e+02,8.642857055664062500e+02
8.646886596679687500e+02,8.521978149414062500e+02,8.441392211914062500e+02,8.489743652343750000e+02
8.026373901367187500e+02,8.618681030273437500e+02,8.409157714843750000e+02,8.243956298828125000e+02
8.469597167968750000e+02,8.538095092773437500e+02,8.401098632812500000e+02,8.469597167968750000e+02
8.997435913085937500e+02,8.530036621093750000e+02,8.445421142578125000e+02,8.695238037109375000e+02
8.775823974609375000e+02,8.562271118164062500e+02,8.473626098632812500e+02,8.594505615234375000e+02
8.002197875976562500e+02,8.566300659179687500e+02,8.453479614257812500e+02,8.332600708007812500e+02
8.094871826171875000e+02,8.558241577148437500e+02,8.425274658203125000e+02,8.413186645507812500e+02
8.916849975585937500e+02,8.481685180664062500e+02,8.441392211914062500e+02,8.683150024414062500e+02
8.953113403320312500e+02,8.473626098632812500e+02,8.449450683593750000e+02,8.675091552734375000e+02
8.223809814453125000e+02,8.530036621093750000e+02,8.437362670898437500e+02,8.384981689453125000e+02
8.074725341796875000e+02,8.517948608398437500e+02,8.433333129882812500e+02,8.308424682617187500e+02
8.783883056640625000e+02,8.501831665039062500e+02,8.437362670898437500e+02,8.606593627929687500e+02
9.061904907226562500e+02,8.509890136718750000e+02,8.465567626953125000e+02,8.699267578125000000e+02
8.372893676757812500e+02,8.517948608398437500e+02,8.457509155273437500e+02,8.461538696289062500e+02
7.917582397460937500e+02,8.521978149414062500e+02,8.453479614257812500e+02,8.340659179687500000e+02
8.610622558593750000e+02,8.517948608398437500e+02,8.461538696289062500e+02,8.550183105468750000e+02
9.138461303710937500e+02,8.526007080078125000e+02,8.437362670898437500e+02,8.747619018554687500e+02
8.663003540039062500e+02,8.558241577148437500e+02,8.465567626953125000e+02,8.594505615234375000e+02
8.014285888671875000e+02,8.550183105468750000e+02,8.469597167968750000e+02,8.268131713867187500e+02
8.417216186523437500e+02,8.526007080078125000e+02,8.425274658203125000e+02,8.477655639648437500e+02
9.150549316406250000e+02,8.526007080078125000e+02,8.453479614257812500e+02,8.808058471679687500e+02
8.928937988281250000e+02,8.546153564453125000e+02,8.469597167968750000e+02,8.626740112304687500e+02
8.187545776367187500e+02,8.554212646484375000e+02,8.489743652343750000e+02,8.380952148437500000e+02
8.264102783203125000e+02,8.534066162109375000e+02,8.521978149414062500e+02,8.429304199218750000e+02
9.001465454101562500e+02,8.517948608398437500e+02,8.509890136718750000e+02,8.634798583984375000e+02
9.126373901367187500e+02,8.501831665039062500e+02,8.501831665039062500e+02,8.755677490234375000e+02
8.401098632812500000e+02,8.497802124023437500e+02,8.489743652343750000e+02,8.517948608398437500e+02
8.123076782226562500e+02,8.513919677734375000e+02,8.477655639648437500e+02,8.368864746093750000e+02
8.812088012695312500e+02,8.513919677734375000e+02,8.485714111328125000e+02,8.695238037109375000e+02
9.162637329101562500e+02,8.521978149414062500e+02,8.481685180664062500e+02,8.828204956054687500e+02
8.485714111328125000e+02,8.550183105468750000e+02,8.513919677734375000e+02,8.473626098632812500e+02
7.957875366210937500e+02,8.542124633789062500e+02,8.521978149414062500e+02,8.316483764648437500e+02
8.590476074218750000e+02,8.509890136718750000e+02,8.477655639648437500e+02,8.550183105468750000e+02
9.110256347656250000e+02,8.485714111328125000e+02,8.489743652343750000e+02,8.687179565429687500e+02
8.594505615234375000e+02,8.497802124023437500e+02,8.497802124023437500e+02,8.489743652343750000e+02
7.978021850585937500e+02,8.501831665039062500e+02,8.489743652343750000e+02,8.272161254882812500e+02
8.368864746093750000e+02,8.465567626953125000e+02,8.493773193359375000e+02,8.405128173828125000e+02
9.001465454101562500e+02,8.477655639648437500e+02,8.501831665039062500e+02,8.618681030273437500e+02
8.800000000000000000e+02,8.505860595703125000e+02,8.505860595703125000e+02,8.530036621093750000e+02
8.050549316406250000e+02,8.505860595703125000e+02,8.505860595703125000e+02,8.223809814453125000e+02
8.078754882812500000e+02,8.473626098632812500e+02,8.469597167968750000e+02,8.247985229492187500e+02
8.844322509765625000e+02,8.453479614257812500e+02,8.441392211914062500e+02,8.546153564453125000e+02
9.013552856445312500e+02,8.513919677734375000e+02,8.469597167968750000e+02,8.594505615234375000e+02
8.243956298828125000e+02,8.562271118164062500e+02,8.449450683593750000e+02,8.308424682617187500e+02
7.913552856445312500e+02,8.534066162109375000e+02,8.417216186523437500e+02,8.223809814453125000e+02
8.707326049804687500e+02,8.509890136718750000e+02,8.465567626953125000e+02,8.521978149414062500e+02
9.057875366210937500e+02,8.485714111328125000e+02,8.505860595703125000e+02,8.642857055664062500e+02
8.449450683593750000e+02,8.485714111328125000e+02,8.485714111328125000e+02,8.389011230468750000e+02
7.969963378906250000e+02,8.538095092773437500e+02,8.485714111328125000e+02,8.207692260742187500e+02
8.505860595703125000e+02,8.550183105468750000e+02,8.473626098632812500e+02,8.489743652343750000e+02
9.106226806640625000e+02,8.534066162109375000e+02,8.461538696289062500e+02,8.731502075195312500e+02
8.735531005859375000e+02,8.538095092773437500e+02,8.489743652343750000e+02,8.546153564453125000e+02
8.034432373046875000e+02,8.546153564453125000e+02,8.493773193359375000e+02,8.288278198242187500e+02
8.312454223632812500e+02,8.505860595703125000e+02,8.481685180664062500e+02,8.433333129882812500e+02
9.094139404296875000e+02,8.465567626953125000e+02,8.485714111328125000e+02,8.808058471679687500e+02
9.029670410156250000e+02,8.517948608398437500e+02,8.481685180664062500e+02,8.759707031250000000e+02
8.175457763671875000e+02,8.582417602539062500e+02,8.461538696289062500e+02,8.292307739257812500e+02
8.090842285156250000e+02,8.554212646484375000e+02,8.441392211914062500e+02,8.316483764648437500e+02
8.941025390625000000e+02,8.521978149414062500e+02,8.457509155273437500e+02,8.679121093750000000e+02
9.078021850585937500e+02,8.546153564453125000e+02,8.473626098632812500e+02,8.695238037109375000e+02
8.284249267578125000e+02,8.566300659179687500e+02,8.441392211914062500e+02,8.380952148437500000e+02
7.957875366210937500e+02,8.550183105468750000e+02,8.461538696289062500e+02,8.239926757812500000e+02
8.626740112304687500e+02,8.513919677734375000e+02,8.485714111328125000e+02,8.517948608398437500e+02
8.953113403320312500e+02,8.501831665039062500e+02,8.477655639648437500e+02,8.679121093750000000e+02
8.380952148437500000e+02,8.530036621093750000e+02,8.493773193359375000e+02,8.473626098632812500e+02
7.836996459960937500e+02,8.550183105468750000e+02,8.473626098632812500e+02,8.191575317382812500e+02
8.344688720703125000e+02,8.521978149414062500e+02,8.437362670898437500e+02,8.360805664062500000e+02
8.997435913085937500e+02,8.497802124023437500e+02,8.441392211914062500e+02,8.610622558593750000e+02
8.695238037109375000e+02,8.501831665039062500e+02,8.469597167968750000e+02,8.554212646484375000e+02
7.994139404296875000e+02,8.517948608398437500e+02,8.465567626953125000e+02,8.256043701171875000e+02
8.147252807617187500e+02,8.509890136718750000e+02,8.445421142578125000e+02,8.235897216796875000e+02
8.896703491210937500e+02,8.481685180664062500e+02,8.469597167968750000e+02,8.534066162109375000e+02
8.953113403320312500e+02,8.509890136718750000e+02,8.469597167968750000e+02,8.602564086914062500e+02
8.159340820312500000e+02,8.526007080078125000e+02,8.461538696289062500e+02,8.352747192382812500e+02
8.018314819335937500e+02,8.513919677734375000e+02,8.465567626953125000e+02,8.320512695312500000e+02
8.828204956054687500e+02,8.497802124023437500e+02,8.477655639648437500e+02,8.602564086914062500e+02
9.118314819335937500e+02,8.493773193359375000e+02,8.461538696289062500e+02,8.683150024414062500e+02
8.437362670898437500e+02,8.501831665039062500e+02,8.469597167968750000e+02,8.401098632812500000e+02
8.014285888671875000e+02,8.534066162109375000e+02,8.469597167968750000e+02,8.243956298828125000e+02
8.658974609375000000e+02,8.530036621093750000e+02,8.445421142578125000e+02,8.493773193359375000e+02
9.118314819335937500e+02,8.497802124023437500e+02,8.445421142578125000e+02,8.654945068359375000e+02
8.614652099609375000e+02,8.517948608398437500e+02,8.469597167968750000e+02,8.509890136718750000e+02
7.982051391601562500e+02,8.526007080078125000e+02,8.493773193359375000e+02,8.296337280273437500e+02
8.457509155273437500e+02,8.497802124023437500e+02,8.481685180664062500e+02,8.461538696289062500e+02
9.134432373046875000e+02,8.493773193359375000e+02,8.485714111328125000e+02,8.731502075195312500e+02
8.783883056640625000e+02,8.521978149414062500e+02,8.513919677734375000e+02,8.646886596679687500e+02
8.050549316406250000e+02,8.546153564453125000e+02,8.505860595703125000e+02,8.360805664062500000e+02
8.191575317382812500e+02,8.485714111328125000e+02,8.489743652343750000e+02,8.380952148437500000e+02
8.880585937500000000e+02,8.449450683593750000e+02,8.501831665039062500e+02,8.622710571289062500e+02
8.949084472656250000e+02,8.554212646484375000e+02,8.477655639648437500e+02,8.646886596679687500e+02
8.207692260742187500e+02,8.582417602539062500e+02,8.457509155273437500e+02,8.368864746093750000e+02
8.018314819335937500e+02,8.526007080078125000e+02,8.481685180664062500e+02,8.316483764648437500e+02
8.719414062500000000e+02,8.497802124023437500e+02,8.481685180664062500e+02,8.626740112304687500e+02
9.021611938476562500e+02,8.497802124023437500e+02,8.473626098632812500e+02,8.691208496093750000e+02
8.401098632812500000e+02,8.521978149414062500e+02,8.493773193359375000e+02,8.473626098632812500e+02
7.897435913085937500e+02,8.530036621093750000e+02,8.485714111328125000e+02,8.300366210937500000e+02
8.517948608398437500e+02,8.489743652343750000e+02,8.469597167968750000e+02,8.505860595703125000e+02
9.082051391601562500e+02,8.489743652343750000e+02,8.481685180664062500e+02,8.687179565429687500e+02
8.663003540039062500e+02,8.521978149414062500e+02,8.505860595703125000e+02,8.501831665039062500e+02
7.957875366210937500e+02,8.509890136718750000e+02,8.489743652343750000e+02,8.231868286132812500e+02
8.256043701171875000e+02,8.493773193359375000e+02,8.457509155273437500e+02,8.368864746093750000e+02
8.932966918945312500e+02,8.485714111328125000e+02,8.481685180664062500e+02,8.667033081054687500e+02
8.771795043945312500e+02,8.509890136718750000e+02,8.477655639648437500e+02,8.598534545898437500e+02
8.062637329101562500e+02,8.534066162109375000e+02,8.453479614257812500e+02,8.296337280273437500e+02
8.127106323242187500e+02,8.526007080078125000e+02,8.465567626953125000e+02,8.348717651367187500e+02
8.912820434570312500e+02,8.493773193359375000e+02,8.489743652343750000e+02,8.630769042968750000e+02
9.045787353515625000e+02,8.521978149414062500e+02,8.489743652343750000e+02,8.675091552734375000e+02
8.300366210937500000e+02,8.558241577148437500e+02,8.477655639648437500e+02,8.421245117187500000e+02
7.982051391601562500e+02,8.558241577148437500e+02,8.473626098632812500e+02,8.247985229492187500e+02
8.715384521484375000e+02,8.509890136718750000e+02,8.469597167968750000e+02,8.534066162109375000e+02
9.130402832031250000e+02,8.489743652343750000e+02,8.465567626953125000e+02,8.715384521484375000e+02
8.473626098632812500e+02,8.526007080078125000e+02,8.485714111328125000e+02,8.461538696289062500e+02
7.929670410156250000e+02,8.530036621093750000e+02,8.481685180664062500e+02,8.268131713867187500e+02
8.489743652343750000e+02,8.505860595703125000e+02,8.465567626953125000e+02,8.505860595703125000e+02
9.041758422851562500e+02,8.501831665039062500e+02,8.473626098632812500e+02,8.727472534179687500e+02
8.630769042968750000e+02,8.513919677734375000e+02,8.485714111328125000e+02,8.566300659179687500e+02
7.921611938476562500e+02,8.509890136718750000e+02,8.481685180664062500e+02,8.252014770507812500e+02
8.235897216796875000e+02,8.489743652343750000e+02,8.449450683593750000e+02,8.356776733398437500e+02
8.936996459960937500e+02,8.481685180664062500e+02,8.433333129882812500e+02,8.602564086914062500e+02
8.804029541015625000e+02,8.477655639648437500e+02,8.457509155273437500e+02,8.554212646484375000e+02
8.050549316406250000e+02,8.526007080078125000e+02,8.485714111328125000e+02,8.252014770507812500e+02
7.994139404296875000e+02,8.517948608398437500e+02,8.461538696289062500e+02,8.256043701171875000e+02
8.719414062500000000e+02,8.477655639648437500e+02,8.441392211914062500e+02,8.566300659179687500e+02
8.900732421875000000e+02,8.489743652343750000e+02,8.413186645507812500e+02,8.546153564453125000e+02
8.304395751953125000e+02,8.562271118164062500e+02,8.324542236328125000e+02,8.256043701171875000e+02
8.050549316406250000e+02,8.562271118164062500e+02,8.389011230468750000e+02,8.348717651367187500e+02
8.642857055664062500e+02,8.461538696289062500e+02,8.542124633789062500e+02,8.711355590820312500e+02
8.876557006835937500e+02,8.449450683593750000e+02,8.562271118164062500e+02,8.691208496093750000e+02
8.284249267578125000e+02,8.477655639648437500e+02,8.566300659179687500e+02,8.405128173828125000e+02
7.760439453125000000e+02,8.481685180664062500e+02,8.598534545898437500e+02,8.264102783203125000e+02
8.264102783203125000e+02,8.441392211914062500e+02,8.610622558593750000e+02,8.409157714843750000e+02
8.932966918945312500e+02,8.413186645507812500e+02,8.646886596679687500e+02,8.634798583984375000e+02
8.542124633789062500e+02,8.429304199218750000e+02,8.711355590820312500e+02,8.594505615234375000e+02
7.756410522460937500e+02,8.441392211914062500e+02,8.715384521484375000e+02,8.296337280273437500e+02
8.030402832031250000e+02,8.401098632812500000e+02,8.715384521484375000e+02,8.417216186523437500e+02
8.743589477539062500e+02,8.376923217773437500e+02,8.719414062500000000e+02,8.735531005859375000e+02
8.638828125000000000e+02,8.384981689453125000e+02,8.723442993164062500e+02,8.650915527343750000e+02
7.929670410156250000e+02,8.368864746093750000e+02,8.735531005859375000e+02,8.340659179687500000e+02
7.865201416015625000e+02,8.336630249023437500e+02,8.695238037109375000e+02,8.276190185546875000e+02
8.578388061523437500e+02,8.300366210937500000e+02,8.658974609375000000e+02,8.542124633789062500e+02
8.816116943359375000e+02,8.340659179687500000e+02,8.663003540039062500e+02,8.663003540039062500e+02
8.147252807617187500e+02,8.393040161132812500e+02,8.642857055664062500e+02,8.380952148437500000e+02
7.748351440429687500e+02,8.393040161132812500e+02,8.630769042968750000e+02,8.223809814453125000e+02
8.417216186523437500e+02,8.384981689453125000e+02,8.602564086914062500e+02,8.469597167968750000e+02
8.916849975585937500e+02,8.421245117187500000e+02,8.598534545898437500e+02,8.675091552734375000e+02
8.449450683593750000e+02,8.473626098632812500e+02,8.614652099609375000e+02,8.517948608398437500e+02
7.849084472656250000e+02,8.481685180664062500e+02,8.586447143554687500e+02,8.243956298828125000e+02
8.272161254882812500e+02,8.453479614257812500e+02,8.578388061523437500e+02,8.389011230468750000e+02
8.912820434570312500e+02,8.441392211914062500e+02,8.562271118164062500e+02,8.650915527343750000e+02
8.626740112304687500e+02,8.437362670898437500e+02,8.570329589843750000e+02,8.554212646484375000e+02
7.921611938476562500e+02,8.433333129882812500e+02,8.578388061523437500e+02,8.223809814453125000e+02
8.070695800781250000e+02,8.417216186523437500e+02,8.558241577148437500e+02,8.296337280273437500e+02
8.808058471679687500e+02,8.421245117187500000e+02,8.570329589843750000e+02,8.618681030273437500e+02
8.812088012695312500e+02,8.465567626953125000e+02,8.578388061523437500e+02,8.671062011718750000e+02
8.082783813476562500e+02,8.513919677734375000e+02,8.554212646484375000e+02,8.413186645507812500e+02
7.953846435546875000e+02,8.517948608398437500e+02,8.526007080078125000e+02,8.364835205078125000e+02
8.731502075195312500e+02,8.477655639648437500e+02,8.542124633789062500e+02,8.687179565429687500e+02
9.073992919921875000e+02,8.425274658203125000e+02,8.574359130859375000e+02,8.820146484375000000e+02
8.461538696289062500e+02,8.449450683593750000e+02,8.590476074218750000e+02,8.566300659179687500e+02
8.002197875976562500e+02,8.497802124023437500e+02,8.574359130859375000e+02,8.389011230468750000e+02
8.594505615234375000e+02,8.477655639648437500e+02,8.566300659179687500e+02,8.630769042968750000e+02
9.154578857421875000e+02,8.449450683593750000e+02,8.582417602539062500e+02,8.783883056640625000e+02
8.634798583984375000e+02,8.465567626953125000e+02,8.590476074218750000e+02,8.582417602539062500e+02
7.965933837890625000e+02,8.497802124023437500e+02,8.574359130859375000e+02,8.352747192382812500e+02
8.409157714843750000e+02,8.493773193359375000e+02,8.546153564453125000e+02,8.505860595703125000e+02
9.082051391601562500e+02,8.497802124023437500e+02,8.538095092773437500e+02,8.723442993164062500e+02
8.880585937500000000e+02,8.526007080078125000e+02,8.554212646484375000e+02,8.658974609375000000e+02
8.143223266601562500e+02,8.538095092773437500e+02,8.550183105468750000e+02,8.445421142578125000e+02
8.211721801757812500e+02,8.534066162109375000e+02,8.542124633789062500e+02,8.437362670898437500e+02
8.928937988281250000e+02,8.497802124023437500e+02,8.554212646484375000e+02,8.618681030273437500e+02
9.005494384765625000e+02,8.477655639648437500e+02,8.550183105468750000e+02,8.654945068359375000e+02
8.300366210937500000e+02,8.517948608398437500e+02,8.566300659179687500e+02,8.465567626953125000e+02
8.006226806640625000e+02,8.526007080078125000e+02,8.566300659179687500e+02,8.348717651367187500e+02
8.703296508789062500e+02,8.509890136718750000e+02,8.530036621093750000e+02,8.606593627929687500e+02
9.086080322265625000e+02,8.493773193359375000e+02,8.509890136718750000e+02,8.731502075195312500e+02
8.461538696289062500e+02,8.497802124023437500e+02,8.513919677734375000e+02,8.473626098632812500e+02
7.941758422851562500e+02,8.538095092773437500e+02,8.493773193359375000e+02,8.296337280273437500e+02
8.489743652343750000e+02,8.521978149414062500e+02,8.473626098632812500e+02,8.554212646484375000e+02
9.025640869140625000e+02,8.509890136718750000e+02,8.485714111328125000e+02,8.751648559570312500e+02
8.606593627929687500e+02,8.546153564453125000e+02,8.509890136718750000e+02,8.570329589843750000e+02
7.945787353515625000e+02,8.530036621093750000e+02,8.534066162109375000e+02,8.352747192382812500e+02
8.211721801757812500e+02,8.489743652343750000e+02,8.534066162109375000e+02,8.461538696289062500e+02
8.872527465820312500e+02,8.493773193359375000e+02,8.513919677734375000e+02,8.755677490234375000e+02
8.804029541015625000e+02,8.501831665039062500e+02,8.509890136718750000e+02,8.711355590820312500e+02
8.066666870117187500e+02,8.477655639648437500e+02,8.509890136718750000e+02,8.384981689453125000e+02
8.050549316406250000e+02,8.477655639648437500e+02,8.497802124023437500e+02,8.401098632812500000e+02
8.820146484375000000e+02,8.489743652343750000e+02,8.501831665039062500e+02,8.695238037109375000e+02
9.025640869140625000e+02,8.521978149414062500e+02,8.521978149414062500e+02,8.747619018554687500e+02
8.348717651367187500e+02,8.558241577148437500e+02,8.530036621093750000e+02,8.477655639648437500e+02
7.982051391601562500e+02,8.546153564453125000e+02,8.526007080078125000e+02,8.340659179687500000e+02
8.703296508789062500e+02,8.497802124023437500e+02,8.521978149414062500e+02,8.622710571289062500e+02
9.073992919921875000e+02,8.461538696289062500e+02,8.534066162109375000e+02,8.755677490234375000e+02
8.497802124023437500e+02,8.497802124023437500e+02,8.550183105468750000e+02,8.485714111328125000e+02
8.010256347656250000e+02,8.542124633789062500e+02,8.534066162109375000e+02,8.320512695312500000e+02
8.509890136718750000e+02,8.497802124023437500e+02,8.501831665039062500e+02,8.546153564453125000e+02
9.118314819335937500e+02,8.493773193359375000e+02,8.517948608398437500e+02,8.715384521484375000e+02
8.727472534179687500e+02,8.542124633789062500e+02,8.534066162109375000e+02,8.570329589843750000e+02
8.058607788085937500e+02,8.538095092773437500e+02,8.526007080078125000e+02,8.292307739257812500e+02
8.356776733398437500e+02,8.517948608398437500e+02,8.526007080078125000e+02,8.433333129882812500e+02
9.073992919921875000e+02,8.521978149414062500e+02,8.526007080078125000e+02,8.771795043945312500e+02
8.924908447265625000e+02,8.538095092773437500e+02,8.517948608398437500e+02,8.671062011718750000e+02
8.127106323242187500e+02,8.538095092773437500e+02,8.481685180664062500e+02,8.304395751953125000e+02
8.034432373046875000e+02,8.509890136718750000e+02,8.461538696289062500e+02,8.288278198242187500e+02
8.739560546875000000e+02,8.489743652343750000e+02,8.501831665039062500e+02,8.582417602539062500e+02
9.001465454101562500e+02,8.505860595703125000e+02,8.505860595703125000e+02,8.695238037109375000e+02
8.340659179687500000e+02,8.542124633789062500e+02,8.517948608398437500e+02,8.453479614257812500e+02
7.929670410156250000e+02,8.538095092773437500e+02,8.534066162109375000e+02,8.316483764648437500e+02
8.586447143554687500e+02,8.513919677734375000e+02,8.489743652343750000e+02,8.566300659179687500e+02
9.098168334960937500e+02,8.509890136718750000e+02,8.501831665039062500e+02,8.755677490234375000e+02
8.610622558593750000e+02,8.526007080078125000e+02,8.530036621093750000e+02,8.558241577148437500e+02
7.994139404296875000e+02,8.542124633789062500e+02,8.489743652343750000e+02,8.344688720703125000e+02
8.481685180664062500e+02,8.517948608398437500e+02,8.489743652343750000e+02,8.501831665039062500e+02
9.138461303710937500e+02,8.493773193359375000e+02,8.489743652343750000e+02,8.695238037109375000e+02
8.816116943359375000e+02,8.517948608398437500e+02,8.489743652343750000e+02,8.598534545898437500e+02
8.082783813476562500e+02,8.558241577148437500e+02,8.513919677734375000e+02,8.296337280273437500e+02
8.191575317382812500e+02,8.521978149414062500e+02,8.517948608398437500e+02,8.376923217773437500e+02
8.932966918945312500e+02,8.497802124023437500e+02,8.493773193359375000e+02,8.663003540039062500e+02
8.969230957031250000e+02,8.530036621093750000e+02,8.505860595703125000e+02,8.654945068359375000e+02
8.175457763671875000e+02,8.546153564453125000e+02,8.534066162109375000e+02,8.348717651367187500e+02
8.018314819335937500e+02,8.538095092773437500e+02,8.509890136718750000e+02,8.280219726562500000e+02
8.771795043945312500e+02,8.526007080078125000e+02,8.481685180664062500e+02,8.646886596679687500e+02
9.086080322265625000e+02,8.526007080078125000e+02,8.509890136718750000e+02,8.767765502929687500e+02
8.441392211914062500e+02,8.542124633789062500e+02,8.530036621093750000e+02,8.469597167968750000e+02
7.965933837890625000e+02,8.550183105468750000e+02,8.517948608398437500e+02,8.276190185546875000e+02
8.554212646484375000e+02,8.509890136718750000e+02,8.505860595703125000e+02,8.526007080078125000e+02
9.045787353515625000e+02,8.465567626953125000e+02,8.497802124023437500e+02,8.711355590820312500e+02
8.481685180664062500e+02,8.489743652343750000e+02,8.517948608398437500e+02,8.469597167968750000e+02
7.885347900390625000e+02,8.542124633789062500e+02,8.505860595703125000e+02,8.227838745117187500e+02
8.320512695312500000e+02,8.546153564453125000e+02,8.457509155273437500e+02,8.405128173828125000e+02
8.872527465820312500e+02,8.521978149414062500e+02,8.441392211914062500e+02,8.598534545898437500e+02
8.606593627929687500e+02,8.513919677734375000e+02,8.489743652343750000e+02,8.534066162109375000e+02
7.933699340820312500e+02,8.538095092773437500e+02,8.513919677734375000e+02,8.272161254882812500e+02
8.090842285156250000e+02,8.542124633789062500e+02,8.530036621093750000e+02,8.340659179687500000e+02
8.808058471679687500e+02,8.509890136718750000e+02,8.538095092773437500e+02,8.650915527343750000e+02
8.900732421875000000e+02,8.513919677734375000e+02,8.509890136718750000e+02,8.654945068359375000e+02
8.179487304687500000e+02,8.550183105468750000e+02,8.505860595703125000e+02,8.368864746093750000e+02
7.941758422851562500e+02,8.538095092773437500e+02,8.509890136718750000e+02,8.292307739257812500e+02
8.658974609375000000e+02,8.485714111328125000e+02,8.526007080078125000e+02,8.566300659179687500e+02
9.025640869140625000e+02,8.469597167968750000e+02,8.521978149414062500e+02,8.719414062500000000e+02
8.413186645507812500e+02,8.493773193359375000e+02,8.509890136718750000e+02,8.465567626953125000e+02
7.889377441406250000e+02,8.501831665039062500e+02,8.513919677734375000e+02,8.235897216796875000e+02
8.453479614257812500e+02,8.481685180664062500e+02,8.505860595703125000e+02,8.473626098632812500e+02
9.009523925781250000e+02,8.481685180664062500e+02,8.493773193359375000e+02,8.691208496093750000e+02
8.618681030273437500e+02,8.517948608398437500e+02,8.501831665039062500e+02,8.550183105468750000e+02
7.965933837890625000e+02,8.513919677734375000e+02,8.513919677734375000e+02,8.304395751953125000e+02
8.312454223632812500e+02,8.497802124023437500e+02,8.505860595703125000e+02,8.457509155273437500e+02
9.001465454101562500e+02,8.509890136718750000e+02,8.501831665039062500e+02,8.675091552734375000e+02
8.795970458984375000e+02,8.485714111328125000e+02,8.505860595703125000e+02,8.606593627929687500e+02
8.050549316406250000e+02,8.473626098632812500e+02,8.501831665039062500e+02,8.340659179687500000e+02
8.119047851562500000e+02,8.477655639648437500e+02,8.481685180664062500e+02,8.332600708007812500e+02
8.868497924804687500e+02,8.465567626953125000e+02,8.461538696289062500e+02,8.590476074218750000e+02
8.957142944335937500e+02,8.477655639648437500e+02,8.477655639648437500e+02,8.614652099609375000e+02
8.195604248046875000e+02,8.505860595703125000e+02,8.505860595703125000e+02,8.340659179687500000e+02
7.921611938476562500e+02,8.530036621093750000e+02,8.485714111328125000e+02,8.223809814453125000e+02
8.634798583984375000e+02,8.513919677734375000e+02,8.465567626953125000e+02,8.521978149414062500e+02
9.021611938476562500e+02,8.489743652343750000e+02,8.501831665039062500e+02,8.707326049804687500e+02
8.449450683593750000e+02,8.501831665039062500e+02,8.534066162109375000e+02,8.497802124023437500e+02
7.905494384765625000e+02,8.530036621093750000e+02,8.505860595703125000e+02,8.304395751953125000e+02
8.425274658203125000e+02,8.501831665039062500e+02,8.501831665039062500e+02,8.517948608398437500e+02
9.025640869140625000e+02,8.445421142578125000e+02,8.526007080078125000e+02,8.731502075195312500e+02
8.667033081054687500e+02,8.509890136718750000e+02,8.513919677734375000e+02,8.602564086914062500e+02
7.929670410156250000e+02,8.546153564453125000e+02,8.497802124023437500e+02,8.316483764648437500e+02
8.191575317382812500e+02,8.493773193359375000e+02,8.469597167968750000e+02,8.405128173828125000e+02
8.936996459960937500e+02,8.505860595703125000e+02,8.493773193359375000e+02,8.663003540039062500e+02
8.816116943359375000e+02,8.538095092773437500e+02,8.521978149414062500e+02,8.642857055664062500e+02
8.086813354492187500e+02,8.550183105468750000e+02,8.526007080078125000e+02,8.368864746093750000e+02
8.050549316406250000e+02,8.534066162109375000e+02,8.513919677734375000e+02,8.332600708007812500e+02
8.816116943359375000e+02,8.505860595703125000e+02,8.493773193359375000e+02,8.598534545898437500e+02
9.037728881835937500e+02,8.493773193359375000e+02,8.493773193359375000e+02,8.642857055664062500e+02
8.332600708007812500e+02,8.517948608398437500e+02,8.497802124023437500e+02,8.376923217773437500e+02
7.969963378906250000e+02,8.517948608398437500e+02,8.473626098632812500e+02,8.260073242187500000e+02
8.663003540039062500e+02,8.505860595703125000e+02,8.425274658203125000e+02,8.513919677734375000e+02
9.142490844726562500e+02,8.517948608398437500e+02,8.429304199218750000e+02,8.658974609375000000e+02
8.598534545898437500e+02,8.538095092773437500e+02,8.449450683593750000e+02,8.489743652343750000e+02
7.986080322265625000e+02,8.542124633789062500e+02,8.461538696289062500e+02,8.252014770507812500e+02
8.465567626953125000e+02,8.497802124023437500e+02,8.477655639648437500e+02,8.453479614257812500e+02
9.110256347656250000e+02,8.469597167968750000e+02,8.485714111328125000e+02,8.727472534179687500e+02
8.812088012695312500e+02,8.530036621093750000e+02,8.489743652343750000e+02,8.618681030273437500e+02
8.086813354492187500e+02,8.554212646484375000e+02,8.497802124023437500e+02,8.328571166992187500e+02
8.239926757812500000e+02,8.521978149414062500e+02,8.477655639648437500e+02,8.372893676757812500e+02
8.924908447265625000e+02,8.517948608398437500e+02,8.493773193359375000e+02,8.634798583984375000e+02
8.900732421875000000e+02,8.517948608398437500e+02,8.526007080078125000e+02,8.658974609375000000e+02
8.219780273437500000e+02,8.558241577148437500e+02,8.493773193359375000e+02,8.389011230468750000e+02
8.062637329101562500e+02,8.558241577148437500e+02,8.489743652343750000e+02,8.268131713867187500e+02
8.723442993164062500e+02,8.521978149414062500e+02,8.505860595703125000e+02,8.546153564453125000e+02
9.001465454101562500e+02,8.509890136718750000e+02,8.501831665039062500e+02,8.679121093750000000e+02
8.324542236328125000e+02,8.521978149414062500e+02,8.497802124023437500e+02,8.393040161132812500e+02
7.897435913085937500e+02,8.526007080078125000e+02,8.485714111328125000e+02,8.260073242187500000e+02
8.517948608398437500e+02,8.489743652343750000e+02,8.481685180664062500e+02,8.558241577148437500e+02
8.973259887695312500e+02,8.489743652343750000e+02,8.505860595703125000e+02,8.747619018554687500e+02
8.433333129882812500e+02,8.497802124023437500e+02,8.521978149414062500e+02,8.582417602539062500e+02
7.816849975585937500e+02,8.521978149414062500e+02,8.509890136718750000e+02,8.300366210937500000e+02
8.320512695312500000e+02,8.513919677734375000e+02,8.513919677734375000e+02,8.425274658203125000e+02
8.977289428710937500e+02,8.469597167968750000e+02,8.538095092773437500e+02,8.707326049804687500e+02
8.735531005859375000e+02,8.469597167968750000e+02,8.554212646484375000e+02,8.663003540039062500e+02
8.030402832031250000e+02,8.497802124023437500e+02,8.562271118164062500e+02,8.397069702148437500e+02
8.135164794921875000e+02,8.509890136718750000e+02,8.538095092773437500e+02,8.413186645507812500e+02
8.924908447265625000e+02,8.497802124023437500e+02,8.497802124023437500e+02,8.683150024414062500e+02
8.957142944335937500e+02,8.509890136718750000e+02,8.501831665039062500e+02,8.691208496093750000e+02
8.247985229492187500e+02,8.554212646484375000e+02,8.505860595703125000e+02,8.368864746093750000e+02
8.090842285156250000e+02,8.526007080078125000e+02,8.485714111328125000e+02,8.332600708007812500e+02
8.804029541015625000e+02,8.477655639648437500e+02,8.473626098632812500e+02,8.658974609375000000e+02
9.118314819335937500e+02,8.485714111328125000e+02,8.461538696289062500e+02,8.691208496093750000e+02
8.477655639648437500e+02,8.509890136718750000e+02,8.485714111328125000e+02,8.389011230468750000e+02
8.002197875976562500e+02,8.526007080078125000e+02,8.481685180664062500e+02,8.268131713867187500e+02
8.562271118164062500e+02,8.501831665039062500e+02,8.457509155273437500e+02,8.517948608398437500e+02
9.122344360351562500e+02,8.501831665039062500e+02,8.449450683593750000e+02,8.679121093750000000e+02
8.715384521484375000e+02,8.530036621093750000e+02,8.477655639648437500e+02,8.513919677734375000e+02
8.034432373046875000e+02,8.538095092773437500e+02,8.501831665039062500e+02,8.252014770507812500e+02
8.368864746093750000e+02,8.477655639648437500e+02,8.497802124023437500e+02,8.413186645507812500e+02
9.009523925781250000e+02,8.457509155273437500e+02,8.485714111328125000e+02,8.679121093750000000e+02
8.848351440429687500e+02,8.513919677734375000e+02,8.509890136718750000e+02,8.610622558593750000e+02
8.086813354492187500e+02,8.521978149414062500e+02,8.538095092773437500e+02,8.344688720703125000e+02
8.038461303710937500e+02,8.501831665039062500e+02,8.505860595703125000e+02,8.344688720703125000e+02
8.808058471679687500e+02,8.493773193359375000e+02,8.461538696289062500e+02,8.602564086914062500e+02
8.924908447265625000e+02,8.477655639648437500e+02,8.449450683593750000e+02,8.650915527343750000e+02
8.171428833007812500e+02,8.501831665039062500e+02,8.481685180664062500e+02,8.401098632812500000e+02
7.893406372070312500e+02,8.534066162109375000e+02,8.485714111328125000e+02,8.328571166992187500e+02
8.590476074218750000e+02,8.501831665039062500e+02,8.497802124023437500e+02,8.602564086914062500e+02
8.993406372070312500e+02,8.497802124023437500e+02,8.526007080078125000e+02,8.751648559570312500e+02
8.429304199218750000e+02,8.521978149414062500e+02,8.521978149414062500e+02,8.562271118164062500e+02
7.889377441406250000e+02,8.517948608398437500e+02,8.493773193359375000e+02,8.320512695312500000e+02
8.485714111328125000e+02,8.485714111328125000e+02,8.489743652343750000e+02,8.505860595703125000e+02
9.126373901367187500e+02,8.469597167968750000e+02,8.505860595703125000e+02,8.723442993164062500e+02
8.695238037109375000e+02,8.497802124023437500e+02,8.501831665039062500e+02,8.566300659179687500e+02
7.982051391601562500e+02,8.526007080078125000e+02,8.497802124023437500e+02,8.296337280273437500e+02
8.324542236328125000e+02,8.505860595703125000e+02,8.477655639648437500e+02,8.384981689453125000e+02
9.078021850585937500e+02,8.501831665039062500e+02,8.425274658203125000e+02,8.695238037109375000e+02
8.973259887695312500e+02,8.526007080078125000e+02,8.429304199218750000e+02,8.675091552734375000e+02
8.231868286132812500e+02,8.530036621093750000e+02,8.477655639648437500e+02,8.348717651367187500e+02
8.179487304687500000e+02,8.501831665039062500e+02,8.513919677734375000e+02,8.352747192382812500e+02
8.920878906250000000e+02,8.501831665039062500e+02,8.538095092773437500e+02,8.675091552734375000e+02
9.114285888671875000e+02,8.509890136718750000e+02,8.538095092773437500e+02,8.703296508789062500e+02
8.393040161132812500e+02,8.526007080078125000e+02,8.538095092773437500e+02,8.405128173828125000e+02
8.022344360351562500e+02,8.554212646484375000e+02,8.513919677734375000e+02,8.280219726562500000e+02
8.683150024414062500e+02,8.509890136718750000e+02,8.477655639648437500e+02,8.542124633789062500e+02
9.061904907226562500e+02,8.485714111328125000e+02,8.465567626953125000e+02,8.679121093750000000e+02
8.497802124023437500e+02,8.542124633789062500e+02,8.477655639648437500e+02,8.441392211914062500e+02
7.953846435546875000e+02,8.570329589843750000e+02,8.481685180664062500e+02,8.256043701171875000e+02
8.473626098632812500e+02,8.530036621093750000e+02,8.477655639648437500e+02,8.501831665039062500e+02
9.102197875976562500e+02,8.505860595703125000e+02,8.505860595703125000e+02,8.723442993164062500e+02
8.719414062500000000e+02,8.530036621093750000e+02,8.521978149414062500e+02,8.598534545898437500e+02
7.973992919921875000e+02,8.546153564453125000e+02,8.505860595703125000e+02,8.280219726562500000e+02
8.211721801757812500e+02,8.521978149414062500e+02,8.493773193359375000e+02,8.356776733398437500e+02
8.957142944335937500e+02,8.513919677734375000e+02,8.497802124023437500e+02,8.671062011718750000e+02
8.872527465820312500e+02,8.530036621093750000e+02,8.505860595703125000e+02,8.687179565429687500e+02
8.062637329101562500e+02,8.550183105468750000e+02,8.501831665039062500e+02,8.384981689453125000e+02
7.949816894531250000e+02,8.521978149414062500e+02,8.489743652343750000e+02,8.296337280273437500e+02
8.707326049804687500e+02,8.485714111328125000e+02,8.473626098632812500e+02,8.546153564453125000e+02
8.965201416015625000e+02,8.526007080078125000e+02,8.485714111328125000e+02,8.667033081054687500e+02
8.328571166992187500e+02,8.542124633789062500e+02,8.513919677734375000e+02,8.493773193359375000e+02
7.889377441406250000e+02,8.521978149414062500e+02,8.485714111328125000e+02,8.376923217773437500e+02
8.485714111328125000e+02,8.505860595703125000e+02,8.469597167968750000e+02,8.542124633789062500e+02
9.009523925781250000e+02,8.501831665039062500e+02,8.501831665039062500e+02,8.695238037109375000e+02
8.513919677734375000e+02,8.517948608398437500e+02,8.521978149414062500e+02,8.477655639648437500e+02
7.857142944335937500e+02,8.534066162109375000e+02,8.521978149414062500e+02,8.199633789062500000e+02
8.332600708007812500e+02,8.513919677734375000e+02,8.485714111328125000e+02,8.372893676757812500e+02
9.013552856445312500e+02,8.501831665039062500e+02,8.473626098632812500e+02,8.598534545898437500e+02
8.743589477539062500e+02,8.534066162109375000e+02,8.485714111328125000e+02,8.477655639648437500e+02
8.030402832031250000e+02,8.558241577148437500e+02,8.497802124023437500e+02,8.211721801757812500e+02
8.183516235351562500e+02,8.517948608398437500e+02,8.497802124023437500e+02,8.332600708007812500e+02
8.957142944335937500e+02,8.473626098632812500e+02,8.469597167968750000e+02,8.634798583984375000e+02
8.936996459960937500e+02,8.481685180664062500e+02,8.485714111328125000e+02,8.646886596679687500e+02
8.127106323242187500e+02,8.493773193359375000e+02,8.509890136718750000e+02,8.356776733398437500e+02
7.945787353515625000e+02,8.481685180664062500e+02,8.469597167968750000e+02,8.247985229492187500e+02
8.691208496093750000e+02,8.481685180664062500e+02,8.469597167968750000e+02,8.538095092773437500e+02
9.009523925781250000e+02,8.526007080078125000e+02,8.505860595703125000e+02,8.703296508789062500e+02
8.376923217773437500e+02,8.574359130859375000e+02,8.489743652343750000e+02,8.485714111328125000e+02
7.925640869140625000e+02,8.566300659179687500e+02,8.493773193359375000e+02,8.260073242187500000e+02
8.526007080078125000e+02,8.530036621093750000e+02,8.445421142578125000e+02,8.485714111328125000e+02
9.037728881835937500e+02,8.534066162109375000e+02,8.405128173828125000e+02,8.719414062500000000e+02
8.570329589843750000e+02,8.530036621093750000e+02,8.465567626953125000e+02,8.513919677734375000e+02
7.909523925781250000e+02,8.513919677734375000e+02,8.505860595703125000e+02,8.235897216796875000e+02
8.276190185546875000e+02,8.493773193359375000e+02,8.493773193359375000e+02,8.409157714843750000e+02
8.949084472656250000e+02,8.473626098632812500e+02,8.489743652343750000e+02,8.667033081054687500e+02
8.767765502929687500e+02,8.501831665039062500e+02,8.505860595703125000e+02,8.582417602539062500e+02
8.002197875976562500e+02,8.566300659179687500e+02,8.517948608398437500e+02,8.308424682617187500e+02
8.050549316406250000e+02,8.566300659179687500e+02,8.493773193359375000e+02,8.352747192382812500e+02
8.783883056640625000e+02,8.505860595703125000e+02,8.493773193359375000e+02,8.630769042968750000e+02
8.932966918945312500e+02,8.505860595703125000e+02,8.513919677734375000e+02,8.675091552734375000e+02
8.219780273437500000e+02,8.558241577148437500e+02,8.497802124023437500e+02,8.328571166992187500e+02
7.893406372070312500e+02,8.509890136718750000e+02,8.469597167968750000e+02,8.207692260742187500e+02
8.594505615234375000e+02,8.453479614257812500e+02,8.457509155273437500e+02,8.509890136718750000e+02
8.977289428710937500e+02,8.473626098632812500e+02,8.481685180664062500e+02,8.626740112304687500e+02
8.405128173828125000e+02,8.517948608398437500e+02,8.489743652343750000e+02,8.401098632812500000e+02
7.909523925781250000e+02,8.542124633789062500e+02,8.493773193359375000e+02,8.195604248046875000e+02
8.505860595703125000e+02,8.534066162109375000e+02,8.461538696289062500e+02,8.417216186523437500e+02
9.106226806640625000e+02,8.530036621093750000e+02,8.445421142578125000e+02,8.594505615234375000e+02
8.711355590820312500e+02,8.566300659179687500e+02,8.497802124023437500e+02,8.449450683593750000e+02
8.026373901367187500e+02,8.562271118164062500e+02,8.493773193359375000e+02,8.211721801757812500e+02
8.368864746093750000e+02,8.517948608398437500e+02,8.449450683593750000e+02,8.352747192382812500e+02
9.069963378906250000e+02,8.489743652343750000e+02,8.489743652343750000e+02,8.650915527343750000e+02
8.852380981445312500e+02,8.505860595703125000e+02,8.501831665039062500e+02,8.606593627929687500e+02
8.139194335937500000e+02,8.550183105468750000e+02,8.469597167968750000e+02,8.344688720703125000e+02
8.119047851562500000e+02,8.521978149414062500e+02,8.493773193359375000e+02,8.344688720703125000e+02
8.848351440429687500e+02,8.509890136718750000e+02,8.505860595703125000e+02,8.634798583984375000e+02
9.037728881835937500e+02,8.526007080078125000e+02,8.509890136718750000e+02,8.687179565429687500e+02
8.352747192382812500e+02,8.546153564453125000e+02,8.534066162109375000e+02,8.401098632812500000e+02
7.978021850585937500e+02,8.538095092773437500e+02,8.517948608398437500e+02,8.256043701171875000e+02
8.574359130859375000e+02,8.497802124023437500e+02,8.493773193359375000e+02,8.501831665039062500e+02
9.029670410156250000e+02,8.513919677734375000e+02,8.517948608398437500e+02,8.715384521484375000e+02
8.485714111328125000e+02,8.546153564453125000e+02,8.538095092773437500e+02,8.542124633789062500e+02
7.857142944335937500e+02,8.530036621093750000e+02,8.509890136718750000e+02,8.312454223632812500e+02
8.401098632812500000e+02,8.505860595703125000e+02,8.477655639648437500e+02,8.481685180664062500e+02
9.049816894531250000e+02,8.501831665039062500e+02,8.489743652343750000e+02,8.663003540039062500e+02
8.634798583984375000e+02,8.517948608398437500e+02,8.530036621093750000e+02,8.534066162109375000e+02
7.945787353515625000e+02,8.550183105468750000e+02,8.521978149414062500e+02,8.312454223632812500e+02
8.199633789062500000e+02,8.517948608398437500e+02,8.485714111328125000e+02,8.401098632812500000e+02
8.900732421875000000e+02,8.493773193359375000e+02,8.505860595703125000e+02,8.658974609375000000e+02
8.884615478515625000e+02,8.517948608398437500e+02,8.509890136718750000e+02,8.638828125000000000e+02
8.131135253906250000e+02,8.558241577148437500e+02,8.505860595703125000e+02,8.300366210937500000e+02
8.042490844726562500e+02,8.566300659179687500e+02,8.513919677734375000e+02,8.304395751953125000e+02
8.816116943359375000e+02,8.517948608398437500e+02,8.509890136718750000e+02,8.650915527343750000e+02
9.065933837890625000e+02,8.505860595703125000e+02,8.501831665039062500e+02,8.687179565429687500e+02
8.393040161132812500e+02,8.538095092773437500e+02,8.513919677734375000e+02,8.413186645507812500e+02
7.973992919921875000e+02,8.513919677734375000e+02,8.505860595703125000e+02,8.276190185546875000e+02
8.618681030273437500e+02,8.477655639648437500e+02,8.497802124023437500e+02,8.521978149414062500e+02
9.086080322265625000e+02,8.493773193359375000e+02,8.509890136718750000e+02,8.703296508789062500e+02
8.610622558593750000e+02,8.530036621093750000e+02,8.538095092773437500e+02,8.542124633789062500e+02
8.022344360351562500e+02,8.521978149414062500e+02,8.530036621093750000e+02,8.304395751953125000e+02
8.465567626953125000e+02,8.485714111328125000e+02,8.505860595703125000e+02,8.461538696289062500e+02
9.065933837890625000e+02,8.469597167968750000e+02,8.493773193359375000e+02,8.719414062500000000e+02
8.767765502929687500e+02,8.501831665039062500e+02,8.477655639648437500e+02,8.610622558593750000e+02
8.082783813476562500e+02,8.538095092773437500e+02,8.473626098632812500e+02,8.308424682617187500e+02
8.243956298828125000e+02,8.493773193359375000e+02,8.449450683593750000e+02,8.405128173828125000e+02
8.993406372070312500e+02,8.489743652343750000e+02,8.461538696289062500e+02,8.715384521484375000e+02
9.001465454101562500e+02,8.521978149414062500e+02,8.517948608398437500e+02,8.699267578125000000e+02
8.235897216796875000e+02,8.538095092773437500e+02,8.530036621093750000e+02,8.397069702148437500e+02
7.978021850585937500e+02,8.521978149414062500e+02,8.497802124023437500e+02,8.284249267578125000e+02
8.630769042968750000e+02,8.497802124023437500e+02,8.477655639648437500e+02,8.521978149414062500e+02
8.981318969726562500e+02,8.509890136718750000e+02,8.497802124023437500e+02,8.658974609375000000e+02
8.340659179687500000e+02,8.521978149414062500e+02,8.513919677734375000e+02,8.405128173828125000e+02
7.849084472656250000e+02,8.513919677734375000e+02,8.513919677734375000e+02,8.235897216796875000e+02
8.509890136718750000e+02,8.481685180664062500e+02,8.485714111328125000e+02,8.513919677734375000e+02
9.061904907226562500e+02,8.481685180664062500e+02,8.461538696289062500e+02,8.646886596679687500e+02
8.546153564453125000e+02,8.530036621093750000e+02,8.489743652343750000e+02,8.453479614257812500e+02
7.921611938476562500e+02,8.509890136718750000e+02,8.505860595703125000e+02,8.235897216796875000e+02
8.308424682617187500e+02,8.465567626953125000e+02,8.465567626953125000e+02,8.328571166992187500e+02
8.928937988281250000e+02,8.481685180664062500e+02,8.485714111328125000e+02,8.606593627929687500e+02
8.735531005859375000e+02,8.513919677734375000e+02,8.509890136718750000e+02,8.570329589843750000e+02
8.010256347656250000e+02,8.526007080078125000e+02,8.477655639648437500e+02,8.288278198242187500e+02
8.119047851562500000e+02,8.501831665039062500e+02,8.469597167968750000e+02,8.324542236328125000e+02
8.880585937500000000e+02,8.469597167968750000e+02,8.481685180664062500e+02,8.606593627929687500e+02
8.965201416015625000e+02,8.505860595703125000e+02,8.493773193359375000e+02,8.667033081054687500e+02
8.288278198242187500e+02,8.542124633789062500e+02,8.509890136718750000e+02,8.376923217773437500e+02
8.030402832031250000e+02,8.517948608398437500e+02,8.501831665039062500e+02,8.296337280273437500e+02
8.667033081054687500e+02,8.497802124023437500e+02,8.530036621093750000e+02,8.610622558593750000e+02
8.997435913085937500e+02,8.517948608398437500e+02,8.530036621093750000e+02,8.711355590820312500e+02
8.389011230468750000e+02,8.538095092773437500e+02,8.521978149414062500e+02,8.489743652343750000e+02
7.961904907226562500e+02,8.542124633789062500e+02,8.542124633789062500e+02,8.288278198242187500e+02
8.562271118164062500e+02,8.526007080078125000e+02,8.521978149414062500e+02,8.509890136718750000e+02
9.114285888671875000e+02,8.497802124023437500e+02,8.513919677734375000e+02,8.743589477539062500e+02
8.703296508789062500e+02,8.493773193359375000e+02,8.530036621093750000e+02,8.521978149414062500e+02
8.038461303710937500e+02,8.554212646484375000e+02,8.505860595703125000e+02,8.264102783203125000e+02
8.352747192382812500e+02,8.542124633789062500e+02,8.497802124023437500e+02,8.413186645507812500e+02
9.013552856445312500e+02,8.477655639648437500e+02,8.505860595703125000e+02,8.654945068359375000e+02
8.848351440429687500e+02,8.493773193359375000e+02,8.513919677734375000e+02,8.606593627929687500e+02
8.090842285156250000e+02,8.546153564453125000e+02,8.493773193359375000e+02,8.340659179687500000e+02
8.110988769531250000e+02,8.538095092773437500e+02,8.481685180664062500e+02,8.332600708007812500e+02
8.880585937500000000e+02,8.497802124023437500e+02,8.509890136718750000e+02,8.602564086914062500e+02
9.049816894531250000e+02,8.493773193359375000e+02,8.538095092773437500e+02,8.675091552734375000e+02
8.288278198242187500e+02,8.526007080078125000e+02,8.530036621093750000e+02,8.409157714843750000e+02
7.873259887695312500e+02,8.521978149414062500e+02,8.509890136718750000e+02,8.276190185546875000e+02
8.578388061523437500e+02,8.493773193359375000e+02,8.485714111328125000e+02,8.521978149414062500e+02
9.013552856445312500e+02,8.485714111328125000e+02,8.489743652343750000e+02,8.683150024414062500e+02
8.405128173828125000e+02,8.505860595703125000e+02,8.521978149414062500e+02,8.485714111328125000e+02
7.792673950195312500e+02,8.521978149414062500e+02,8.489743652343750000e+02,8.219780273437500000e+02
8.308424682617187500e+02,8.489743652343750000e+02,8.453479614257812500e+02,8.376923217773437500e+02
9.057875366210937500e+02,8.477655639648437500e+02,8.437362670898437500e+02,8.723442993164062500e+02
8.751648559570312500e+02,8.521978149414062500e+02,8.493773193359375000e+02,8.695238037109375000e+02
7.816849975585937500e+02,8.534066162109375000e+02,8.570329589843750000e+02,8.235897216796875000e+02
8.030402832031250000e+02,8.505860595703125000e+02,8.562271118164062500e+02,8.223809814453125000e+02
8.824176025390625000e+02,8.493773193359375000e+02,8.513919677734375000e+02,8.526007080078125000e+02
8.590476074218750000e+02,8.526007080078125000e+02,8.473626098632812500e+02,8.368864746093750000e+02
7.780585937500000000e+02,8.546153564453125000e+02,8.477655639648437500e+02,7.982051391601562500e+02
7.651648559570312500e+02,8.526007080078125000e+02,8.477655639648437500e+02,7.921611938476562500e+02
8.332600708007812500e+02,8.521978149414062500e+02,8.457509155273437500e+02,8.159340820312500000e+02
8.590476074218750000e+02,8.521978149414062500e+02,8.437362670898437500e+02,8.268131713867187500e+02
7.893406372070312500e+02,8.558241577148437500e+02,8.413186645507812500e+02,7.949816894531250000e+02
7.546886596679687500e+02,8.574359130859375000e+02,8.417216186523437500e+02,7.808791503906250000e+02
8.211721801757812500e+02,8.562271118164062500e+02,8.413186645507812500e+02,8.102930297851562500e+02
8.687179565429687500e+02,8.574359130859375000e+02,8.376923217773437500e+02,8.288278198242187500e+02
8.127106323242187500e+02,8.574359130859375000e+02,8.401098632812500000e+02,8.119047851562500000e+02
7.558974609375000000e+02,8.550183105468750000e+02,8.433333129882812500e+02,7.917582397460937500e+02
8.086813354492187500e+02,8.493773193359375000e+02,8.409157714843750000e+02,8.115018310546875000e+02
8.731502075195312500e+02,8.477655639648437500e+02,8.433333129882812500e+02,8.376923217773437500e+02
8.457509155273437500e+02,8.517948608398437500e+02,8.445421142578125000e+02,8.304395751953125000e+02
7.744322509765625000e+02,8.526007080078125000e+02,8.405128173828125000e+02,8.050549316406250000e+02
7.937728881835937500e+02,8.493773193359375000e+02,8.429304199218750000e+02,8.171428833007812500e+02
8.699267578125000000e+02,8.481685180664062500e+02,8.465567626953125000e+02,8.566300659179687500e+02
8.735531005859375000e+02,8.513919677734375000e+02,8.469597167968750000e+02,8.614652099609375000e+02
7.994139404296875000e+02,8.534066162109375000e+02,8.481685180664062500e+02,8.316483764648437500e+02
7.845054931640625000e+02,8.513919677734375000e+02,8.457509155273437500e+02,8.243956298828125000e+02
8.646886596679687500e+02,8.481685180664062500e+02,8.461538696289062500e+02,8.542124633789062500e+02
9.041758422851562500e+02,8.489743652343750000e+02,8.469597167968750000e+02,8.650915527343750000e+02
8.352747192382812500e+02,8.513919677734375000e+02,8.461538696289062500e+02,8.389011230468750000e+02
7.897435913085937500e+02,8.493773193359375000e+02,8.465567626953125000e+02,8.252014770507812500e+02
8.558241577148437500e+02,8.453479614257812500e+02,8.449450683593750000e+02,8.530036621093750000e+02
9.090109863281250000e+02,8.469597167968750000e+02,8.457509155273437500e+02,8.747619018554687500e+02
8.610622558593750000e+02,8.505860595703125000e+02,8.469597167968750000e+02,8.586447143554687500e+02
8.022344360351562500e+02,8.497802124023437500e+02,8.469597167968750000e+02,8.292307739257812500e+02
8.461538696289062500e+02,8.489743652343750000e+02,8.469597167968750000e+02,8.433333129882812500e+02
9.114285888671875000e+02,8.489743652343750000e+02,8.481685180664062500e+02,8.731502075195312500e+02
8.884615478515625000e+02,8.513919677734375000e+02,8.489743652343750000e+02,8.667033081054687500e+02
8.106959838867187500e+02,8.542124633789062500e+02,8.505860595703125000e+02,8.384981689453125000e+02
8.207692260742187500e+02,8.526007080078125000e+02,8.497802124023437500e+02,8.421245117187500000e+02
8.981318969726562500e+02,8.489743652343750000e+02,8.493773193359375000e+02,8.679121093750000000e+02
9.045787353515625000e+02,8.497802124023437500e+02,8.509890136718750000e+02,8.658974609375000000e+02
8.264102783203125000e+02,8.513919677734375000e+02,8.513919677734375000e+02,8.421245117187500000e+02
8.002197875976562500e+02,8.509890136718750000e+02,8.530036621093750000e+02,8.376923217773437500e+02
8.727472534179687500e+02,8.505860595703125000e+02,8.505860595703125000e+02,8.614652099609375000e+02
9.102197875976562500e+02,8.493773193359375000e+02,8.469597167968750000e+02,8.743589477539062500e+02
8.425274658203125000e+02,8.501831665039062500e+02,8.485714111328125000e+02,8.493773193359375000e+02
7.909523925781250000e+02,8.517948608398437500e+02,8.509890136718750000e+02,8.288278198242187500e+02
8.570329589843750000e+02,8.509890136718750000e+02,8.485714111328125000e+02,8.542124633789062500e+02
9.114285888671875000e+02,8.513919677734375000e+02,8.485714111328125000e+02,8.687179565429687500e+02
8.586447143554687500e+02,8.517948608398437500e+02,8.517948608398437500e+02,8.497802124023437500e+02
7.933699340820312500e+02,8.501831665039062500e+02,8.485714111328125000e+02,8.235897216796875000e+02
8.360805664062500000e+02,8.501831665039062500e+02,8.465567626953125000e+02,8.332600708007812500e+02
8.993406372070312500e+02,8.501831665039062500e+02,8.501831665039062500e+02,8.618681030273437500e+02
8.888644409179687500e+02,8.558241577148437500e+02,8.513919677734375000e+02,8.622710571289062500e+02
8.199633789062500000e+02,8.586447143554687500e+02,8.501831665039062500e+02,8.316483764648437500e+02
8.123076782226562500e+02,8.554212646484375000e+02,8.485714111328125000e+02,8.352747192382812500e+02
8.852380981445312500e+02,8.517948608398437500e+02,8.485714111328125000e+02,8.667033081054687500e+02
8.985347900390625000e+02,8.501831665039062500e+02,8.513919677734375000e+02,8.667033081054687500e+02
8.247985229492187500e+02,8.526007080078125000e+02,8.485714111328125000e+02,8.380952148437500000e+02
7.957875366210937500e+02,8.526007080078125000e+02,8.477655639648437500e+02,8.288278198242187500e+02
8.650915527343750000e+02,8.485714111328125000e+02,8.505860595703125000e+02,8.538095092773437500e+02
9.078021850585937500e+02,8.485714111328125000e+02,8.505860595703125000e+02,8.658974609375000000e+02
8.530036621093750000e+02,8.538095092773437500e+02,8.517948608398437500e+02,8.457509155273437500e+02
7.998168334960937500e+02,8.546153564453125000e+02,8.505860595703125000e+02,8.308424682617187500e+02
8.526007080078125000e+02,8.534066162109375000e+02,8.497802124023437500e+02,8.526007080078125000e+02
9.134432373046875000e+02,8.534066162109375000e+02,8.501831665039062500e+02,8.715384521484375000e+02
8.739560546875000000e+02,8.546153564453125000e+02,8.517948608398437500e+02,8.594505615234375000e+02
8.002197875976562500e+02,8.538095092773437500e+02,8.521978149414062500e+02,8.352747192382812500e+02
8.243956298828125000e+02,8.485714111328125000e+02,8.497802124023437500e+02,8.413186645507812500e+02
8.977289428710937500e+02,8.469597167968750000e+02,8.489743652343750000e+02,8.699267578125000000e+02
8.892673950195312500e+02,8.497802124023437500e+02,8.526007080078125000e+02,8.638828125000000000e+02
8.115018310546875000e+02,8.521978149414062500e+02,8.530036621093750000e+02,8.300366210937500000e+02
8.054578857421875000e+02,8.501831665039062500e+02,8.497802124023437500e+02,8.348717651367187500e+02
8.860439453125000000e+02,8.473626098632812500e+02,8.489743652343750000e+02,8.638828125000000000e+02
9.078021850585937500e+02,8.505860595703125000e+02,8.497802124023437500e+02,8.683150024414062500e+02
8.276190185546875000e+02,8.530036621093750000e+02,8.513919677734375000e+02,8.425274658203125000e+02
7.917582397460937500e+02,8.501831665039062500e+02,8.497802124023437500e+02,8.304395751953125000e+02
8.663003540039062500e+02,8.493773193359375000e+02,8.477655639648437500e+02,8.546153564453125000e+02
9.069963378906250000e+02,8.513919677734375000e+02,8.501831665039062500e+02,8.667033081054687500e+02
8.505860595703125000e+02,8.546153564453125000e+02,8.526007080078125000e+02,8.481685180664062500e+02
7.917582397460937500e+02,8.578388061523437500e+02,8.485714111328125000e+02,8.300366210937500000e+02
8.469597167968750000e+02,8.550183105468750000e+02,8.453479614257812500e+02,8.513919677734375000e+02
9.082051391601562500e+02,8.526007080078125000e+02,8.497802124023437500e+02,8.711355590820312500e+02
8.687179565429687500e+02,8.534066162109375000e+02,8.485714111328125000e+02,8.562271118164062500e+02
8.022344360351562500e+02,8.554212646484375000e+02,8.461538696289062500e+02,8.312454223632812500e+02
8.260073242187500000e+02,8.534066162109375000e+02,8.481685180664062500e+02,8.380952148437500000e+02
8.924908447265625000e+02,8.497802124023437500e+02,8.517948608398437500e+02,8.602564086914062500e+02
8.868497924804687500e+02,8.517948608398437500e+02,8.497802124023437500e+02,8.570329589843750000e+02
8.264102783203125000e+02,8.554212646484375000e+02,8.493773193359375000e+02,8.397069702148437500e+02
8.094871826171875000e+02,8.521978149414062500e+02,8.566300659179687500e+02,8.417216186523437500e+02
8.711355590820312500e+02,8.485714111328125000e+02,8.594505615234375000e+02,8.602564086914062500e+02
9.078021850585937500e+02,8.493773193359375000e+02,8.594505615234375000e+02,8.711355590820312500e+02
8.417216186523437500e+02,8.509890136718750000e+02,8.634798583984375000e+02,8.481685180664062500e+02
7.873259887695312500e+02,8.526007080078125000e+02,8.671062011718750000e+02,8.316483764648437500e+02
8.449450683593750000e+02,8.445421142578125000e+02,8.699267578125000000e+02,8.574359130859375000e+02
8.977289428710937500e+02,8.413186645507812500e+02,8.719414062500000000e+02,8.775823974609375000e+02
8.481685180664062500e+02,8.461538696289062500e+02,8.751648559570312500e+02,8.606593627929687500e+02
7.776557006835937500e+02,8.457509155273437500e+02,8.779853515625000000e+02,8.296337280273437500e+02
8.123076782226562500e+02,8.449450683593750000e+02,8.767765502929687500e+02,8.461538696289062500e+02
8.755677490234375000e+02,8.445421142578125000e+02,8.775823974609375000e+02,8.695238037109375000e+02
8.485714111328125000e+02,8.421245117187500000e+02,8.795970458984375000e+02,8.546153564453125000e+02
7.784615478515625000e+02,8.449450683593750000e+02,8.828204956054687500e+02,8.247985229492187500e+02
7.937728881835937500e+02,8.433333129882812500e+02,8.812088012695312500e+02,8.296337280273437500e+02
8.707326049804687500e+02,8.413186645507812500e+02,8.804029541015625000e+02,8.654945068359375000e+02
8.703296508789062500e+02,8.429304199218750000e+02,8.832234497070312500e+02,8.707326049804687500e+02
7.965933837890625000e+02,8.405128173828125000e+02,8.840292968750000000e+02,8.445421142578125000e+02
7.841025390625000000e+02,8.397069702148437500e+02,8.844322509765625000e+02,8.433333129882812500e+02
8.642857055664062500e+02,8.393040161132812500e+02,8.832234497070312500e+02,8.747619018554687500e+02
8.997435913085937500e+02,8.389011230468750000e+02,8.824176025390625000e+02,8.791941528320312500e+02
8.284249267578125000e+02,8.389011230468750000e+02,8.812088012695312500e+02,8.493773193359375000e+02
7.836996459960937500e+02,8.356776733398437500e+02,8.787911987304687500e+02,8.409157714843750000e+02
8.465567626953125000e+02,8.352747192382812500e+02,8.747619018554687500e+02,8.574359130859375000e+02
8.989377441406250000e+02,8.384981689453125000e+02,8.747619018554687500e+02,8.751648559570312500e+02
8.550183105468750000e+02,8.441392211914062500e+02,8.763735961914062500e+02,8.618681030273437500e+02
7.978021850585937500e+02,8.441392211914062500e+02,8.743589477539062500e+02,8.348717651367187500e+02
8.364835205078125000e+02,8.413186645507812500e+02,8.695238037109375000e+02,8.542124633789062500e+02
9.037728881835937500e+02,8.433333129882812500e+02,8.650915527343750000e+02,8.816116943359375000e+02
8.888644409179687500e+02,8.449450683593750000e+02,8.654945068359375000e+02,8.791941528320312500e+02
8.155311279296875000e+02,8.457509155273437500e+02,8.654945068359375000e+02,8.489743652343750000e+02
8.167399291992187500e+02,8.441392211914062500e+02,8.630769042968750000e+02,8.473626098632812500e+02
8.949084472656250000e+02,8.425274658203125000e+02,8.622710571289062500e+02,8.808058471679687500e+02
9.118314819335937500e+02,8.441392211914062500e+02,8.610622558593750000e+02,8.924908447265625000e+02
8.401098632812500000e+02,8.453479614257812500e+02,8.606593627929687500e+02,8.642857055664062500e+02
8.223809814453125000e+02,8.477655639648437500e+02,8.586447143554687500e+02,8.497802124023437500e+02
8.924908447265625000e+02,8.461538696289062500e+02,8.574359130859375000e+02,8.747619018554687500e+02
9.219047851562500000e+02,8.433333129882812500e+02,8.590476074218750000e+02,8.916849975585937500e+02
8.598534545898437500e+02,8.457509155273437500e+02,8.574359130859375000e+02,8.711355590820312500e+02
8.151282348632812500e+02,8.481685180664062500e+02,8.570329589843750000e+02,8.517948608398437500e+02
8.771795043945312500e+02,8.477655639648437500e+02,8.550183105468750000e+02,8.739560546875000000e+02
9.271428833007812500e+02,8.469597167968750000e+02,8.550183105468750000e+02,8.941025390625000000e+02
8.795970458984375000e+02,8.509890136718750000e+02,8.566300659179687500e+02,8.735531005859375000e+02
8.123076782226562500e+02,8.521978149414062500e+02,8.562271118164062500e+02,8.437362670898437500e+02
8.465567626953125000e+02,8.469597167968750000e+02,8.558241577148437500e+02,8.594505615234375000e+02
9.206959838867187500e+02,8.453479614257812500e+02,8.550183105468750000e+02,8.872527465820312500e+02
9.086080322265625000e+02,8.465567626953125000e+02,8.578388061523437500e+02,8.787911987304687500e+02
8.292307739257812500e+02,8.481685180664062500e+02,8.598534545898437500e+02,8.501831665039062500e+02
8.300366210937500000e+02,8.469597167968750000e+02,8.598534545898437500e+02,8.530036621093750000e+02
9.041758422851562500e+02,8.485714111328125000e+02,8.582417602539062500e+02,8.896703491210937500e+02
9.118314819335937500e+02,8.505860595703125000e+02,8.582417602539062500e+02,8.945054931640625000e+02
8.413186645507812500e+02,8.501831665039062500e+02,8.590476074218750000e+02,8.614652099609375000e+02
8.102930297851562500e+02,8.505860595703125000e+02,8.550183105468750000e+02,8.477655639648437500e+02
8.828204956054687500e+02,8.513919677734375000e+02,8.513919677734375000e+02,8.787911987304687500e+02
9.275457763671875000e+02,8.501831665039062500e+02,8.501831665039062500e+02,8.973259887695312500e+02
8.667033081054687500e+02,8.513919677734375000e+02,8.546153564453125000e+02,8.731502075195312500e+02
8.143223266601562500e+02,8.550183105468750000e+02,8.570329589843750000e+02,8.481685180664062500e+02
8.663003540039062500e+02,8.501831665039062500e+02,8.554212646484375000e+02,8.667033081054687500e+02
9.243223266601562500e+02,8.465567626953125000e+02,8.566300659179687500e+02,8.928937988281250000e+02
8.884615478515625000e+02,8.501831665039062500e+02,8.586447143554687500e+02,8.808058471679687500e+02
8.171428833007812500e+02,8.521978149414062500e+02,8.566300659179687500e+02,8.489743652343750000e+02
8.433333129882812500e+02,8.517948608398437500e+02,8.509890136718750000e+02,8.582417602539062500e+02
9.150549316406250000e+02,8.513919677734375000e+02,8.501831665039062500e+02,8.884615478515625000e+02
9.090109863281250000e+02,8.509890136718750000e+02,8.526007080078125000e+02,8.820146484375000000e+02
8.332600708007812500e+02,8.521978149414062500e+02,8.534066162109375000e+02,8.489743652343750000e+02
8.227838745117187500e+02,8.530036621093750000e+02,8.521978149414062500e+02,8.449450683593750000e+02
8.961171875000000000e+02,8.497802124023437500e+02,8.489743652343750000e+02,8.699267578125000000e+02
9.182783813476562500e+02,8.481685180664062500e+02,8.497802124023437500e+02,8.775823974609375000e+02
8.489743652343750000e+02,8.493773193359375000e+02,8.521978149414062500e+02,8.542124633789062500e+02
8.082783813476562500e+02,8.497802124023437500e+02,8.517948608398437500e+02,8.372893676757812500e+02
8.715384521484375000e+02,8.489743652343750000e+02,8.513919677734375000e+02,8.638828125000000000e+02
9.178754882812500000e+02,8.485714111328125000e+02,8.517948608398437500e+02,8.852380981445312500e+02
8.687179565429687500e+02,8.521978149414062500e+02,8.534066162109375000e+02,8.638828125000000000e+02
8.110988769531250000e+02,8.526007080078125000e+02,8.538095092773437500e+02,8.368864746093750000e+02
8.538095092773437500e+02,8.505860595703125000e+02,8.534066162109375000e+02,8.562271118164062500e+02
9.090109863281250000e+02,8.461538696289062500e+02,8.521978149414062500e+02,8.836264038085937500e+02
8.783883056640625000e+02,8.449450683593750000e+02,8.534066162109375000e+02,8.711355590820312500e+02
8.022344360351562500e+02,8.477655639648437500e+02,8.554212646484375000e+02,8.360805664062500000e+02
8.143223266601562500e+02,8.465567626953125000e+02,8.562271118164062500e+02,8.401098632812500000e+02
8.884615478515625000e+02,8.449450683593750000e+02,8.530036621093750000e+02,8.671062011718750000e+02
8.969230957031250000e+02,8.473626098632812500e+02,8.530036621093750000e+02,8.719414062500000000e+02
8.239926757812500000e+02,8.497802124023437500e+02,8.526007080078125000e+02,8.437362670898437500e+02
8.038461303710937500e+02,8.505860595703125000e+02,8.469597167968750000e+02,8.336630249023437500e+02
8.800000000000000000e+02,8.501831665039062500e+02,8.453479614257812500e+02,8.642857055664062500e+02
9.122344360351562500e+02,8.513919677734375000e+02,8.481685180664062500e+02,8.727472534179687500e+02
8.473626098632812500e+02,8.546153564453125000e+02,8.505860595703125000e+02,8.481685180664062500e+02
7.965933837890625000e+02,8.542124633789062500e+02,8.477655639648437500e+02,8.288278198242187500e+02
8.534066162109375000e+02,8.497802124023437500e+02,8.461538696289062500e+02,8.457509155273437500e+02
9.045787353515625000e+02,8.477655639648437500e+02,8.493773193359375000e+02,8.650915527343750000e+02
8.558241577148437500e+02,8.493773193359375000e+02,8.493773193359375000e+02,8.493773193359375000e+02
7.925640869140625000e+02,8.530036621093750000e+02,8.493773193359375000e+02,8.272161254882812500e+02
8.316483764648437500e+02,8.505860595703125000e+02,8.481685180664062500e+02,8.409157714843750000e+02
8.997435913085937500e+02,8.477655639648437500e+02,8.469597167968750000e+02,8.654945068359375000e+02
8.791941528320312500e+02,8.530036621093750000e+02,8.493773193359375000e+02,8.614652099609375000e+02
8.050549316406250000e+02,8.558241577148437500e+02,8.497802124023437500e+02,8.324542236328125000e+02
8.151282348632812500e+02,8.550183105468750000e+02,8.469597167968750000e+02,8.344688720703125000e+02
8.916849975585937500e+02,8.534066162109375000e+02,8.461538696289062500e+02,8.675091552734375000e+02
9.005494384765625000e+02,8.497802124023437500e+02,8.501831665039062500e+02,8.687179565429687500e+02
8.247985229492187500e+02,8.538095092773437500e+02,8.505860595703125000e+02,8.405128173828125000e+02
7.986080322265625000e+02,8.562271118164062500e+02,8.489743652343750000e+02,8.352747192382812500e+02
8.667033081054687500e+02,8.521978149414062500e+02,8.481685180664062500e+02,8.586447143554687500e+02
9.001465454101562500e+02,8.505860595703125000e+02,8.457509155273437500e+02,8.719414062500000000e+02
8.413186645507812500e+02,8.526007080078125000e+02,8.477655639648437500e+02,8.461538696289062500e+02
7.913552856445312500e+02,8.566300659179687500e+02,8.465567626953125000e+02,8.235897216796875000e+02
8.477655639648437500e+02,8.566300659179687500e+02,8.433333129882812500e+02,8.473626098632812500e+02
9.053846435546875000e+02,8.538095092773437500e+02,8.477655639648437500e+02,8.671062011718750000e+02
8.610622558593750000e+02,8.546153564453125000e+02,8.513919677734375000e+02,8.505860595703125000e+02
7.957875366210937500e+02,8.558241577148437500e+02,8.505860595703125000e+02,8.239926757812500000e+02
8.300366210937500000e+02,8.534066162109375000e+02,8.497802124023437500e+02,8.384981689453125000e+02
8.973259887695312500e+02,8.489743652343750000e+02,8.485714111328125000e+02,8.630769042968750000e+02
8.820146484375000000e+02,8.517948608398437500e+02,8.493773193359375000e+02,8.586447143554687500e+02
8.062637329101562500e+02,8.566300659179687500e+02,8.513919677734375000e+02,8.320512695312500000e+02
8.062637329101562500e+02,8.550183105468750000e+02,8.517948608398437500e+02,8.312454223632812500e+02
8.808058471679687500e+02,8.530036621093750000e+02,8.526007080078125000e+02,8.610622558593750000e+02
8.973259887695312500e+02,8.521978149414062500e+02,8.530036621093750000e+02,8.735531005859375000e+02
8.352747192382812500e+02,8.554212646484375000e+02,8.489743652343750000e+02,8.477655639648437500e+02
8.046520385742187500e+02,8.562271118164062500e+02,8.477655639648437500e+02,8.332600708007812500e+02
8.638828125000000000e+02,8.521978149414062500e+02,8.497802124023437500e+02,8.594505615234375000e+02
9.098168334960937500e+02,8.509890136718750000e+02,8.493773193359375000e+02,8.723442993164062500e+02
8.521978149414062500e+02,8.534066162109375000e+02,8.513919677734375000e+02,8.489743652343750000e+02
7.949816894531250000e+02,8.530036621093750000e+02,8.530036621093750000e+02,8.276190185546875000e+02
8.513919677734375000e+02,8.521978149414062500e+02,8.513919677734375000e+02,8.505860595703125000e+02
9.053846435546875000e+02,8.489743652343750000e+02,8.513919677734375000e+02,8.723442993164062500e+02
8.675091552734375000e+02,8.485714111328125000e+02,8.513919677734375000e+02,8.530036621093750000e+02
7.969963378906250000e+02,8.542124633789062500e+02,8.505860595703125000e+02,8.268131713867187500e+02
8.219780273437500000e+02,8.546153564453125000e+02,8.497802124023437500e+02,8.368864746093750000e+02
8.953113403320312500e+02,8.538095092773437500e+02,8.489743652343750000e+02,8.630769042968750000e+02
8.900732421875000000e+02,8.562271118164062500e+02,8.505860595703125000e+02,8.626740112304687500e+02
8.187545776367187500e+02,8.594505615234375000e+02,8.505860595703125000e+02,8.336630249023437500e+02
8.030402832031250000e+02,8.558241577148437500e+02,8.501831665039062500e+02,8.292307739257812500e+02
8.739560546875000000e+02,8.485714111328125000e+02,8.509890136718750000e+02,8.606593627929687500e+02
9.033699340820312500e+02,8.489743652343750000e+02,8.501831665039062500e+02,8.683150024414062500e+02
8.356776733398437500e+02,8.538095092773437500e+02,8.526007080078125000e+02,8.380952148437500000e+02
7.965933837890625000e+02,8.554212646484375000e+02,8.526007080078125000e+02,8.231868286132812500e+02
8.646886596679687500e+02,8.550183105468750000e+02,8.501831665039062500e+02,8.517948608398437500e+02
9.114285888671875000e+02,8.530036621093750000e+02,8.501831665039062500e+02,8.695238037109375000e+02
8.558241577148437500e+02,8.542124633789062500e+02,8.517948608398437500e+02,8.473626098632812500e+02
7.986080322265625000e+02,8.582417602539062500e+02,8.530036621093750000e+02,8.256043701171875000e+02
8.501831665039062500e+02,8.546153564453125000e+02,8.517948608398437500e+02,8.461538696289062500e+02
9.110256347656250000e+02,8.505860595703125000e+02,8.513919677734375000e+02,8.719414062500000000e+02
8.751648559570312500e+02,8.542124633789062500e+02,8.526007080078125000e+02,8.578388061523437500e+02
8.022344360351562500e+02,8.554212646484375000e+02,8.526007080078125000e+02,8.288278198242187500e+02
8.203662719726562500e+02,8.542124633789062500e+02,8.505860595703125000e+02,8.340659179687500000e+02
8.900732421875000000e+02,8.513919677734375000e+02,8.517948608398437500e+02,8.606593627929687500e+02
8.920878906250000000e+02,8.481685180664062500e+02,8.542124633789062500e+02,8.618681030273437500e+02
8.183516235351562500e+02,8.513919677734375000e+02,8.530036621093750000e+02,8.328571166992187500e+02
7.998168334960937500e+02,8.534066162109375000e+02,8.526007080078125000e+02,8.272161254882812500e+02
8.808058471679687500e+02,8.509890136718750000e+02,8.538095092773437500e+02,8.586447143554687500e+02
9.122344360351562500e+02,8.505860595703125000e+02,8.534066162109375000e+02,8.687179565429687500e+02
8.425274658203125000e+02,8.530036621093750000e+02,8.530036621093750000e+02,8.417216186523437500e+02
7.917582397460937500e+02,8.554212646484375000e+02,8.526007080078125000e+02,8.235897216796875000e+02
8.521978149414062500e+02,8.517948608398437500e+02,8.501831665039062500e+02,8.501831665039062500e+02
9.009523925781250000e+02,8.493773193359375000e+02,8.534066162109375000e+02,8.711355590820312500e+02
8.505860595703125000e+02,8.513919677734375000e+02,8.509890136718750000e+02,8.517948608398437500e+02
7.889377441406250000e+02,8.517948608398437500e+02,8.481685180664062500e+02,8.300366210937500000e+02
8.332600708007812500e+02,8.501831665039062500e+02,8.517948608398437500e+02,8.485714111328125000e+02
9.041758422851562500e+02,8.509890136718750000e+02,8.526007080078125000e+02,8.711355590820312500e+02
8.848351440429687500e+02,8.534066162109375000e+02,8.546153564453125000e+02,8.570329589843750000e+02
8.086813354492187500e+02,8.558241577148437500e+02,8.542124633789062500e+02,8.252014770507812500e+02
8.139194335937500000e+02,8.517948608398437500e+02,8.530036621093750000e+02,8.304395751953125000e+02
8.848351440429687500e+02,8.457509155273437500e+02,8.517948608398437500e+02,8.610622558593750000e+02
8.936996459960937500e+02,8.481685180664062500e+02,8.521978149414062500e+02,8.675091552734375000e+02
8.203662719726562500e+02,8.509890136718750000e+02,8.526007080078125000e+02,8.405128173828125000e+02
7.978021850585937500e+02,8.521978149414062500e+02,8.501831665039062500e+02,8.308424682617187500e+02
8.711355590820312500e+02,8.513919677734375000e+02,8.485714111328125000e+02,8.606593627929687500e+02
9.065933837890625000e+02,8.521978149414062500e+02,8.509890136718750000e+02,8.775823974609375000e+02
8.485714111328125000e+02,8.566300659179687500e+02,8.513919677734375000e+02,8.465567626953125000e+02
7.998168334960937500e+02,8.578388061523437500e+02,8.509890136718750000e+02,8.247985229492187500e+02
8.566300659179687500e+02,8.542124633789062500e+02,8.493773193359375000e+02,8.526007080078125000e+02
9.130402832031250000e+02,8.530036621093750000e+02,8.489743652343750000e+02,8.743589477539062500e+02
8.699267578125000000e+02,8.546153564453125000e+02,8.509890136718750000e+02,8.566300659179687500e+02
8.014285888671875000e+02,8.550183105468750000e+02,8.497802124023437500e+02,8.239926757812500000e+02
8.296337280273437500e+02,8.517948608398437500e+02,8.481685180664062500e+02,8.384981689453125000e+02
9.013552856445312500e+02,8.521978149414062500e+02,8.477655639648437500e+02,8.650915527343750000e+02
8.860439453125000000e+02,8.538095092773437500e+02,8.485714111328125000e+02,8.578388061523437500e+02
8.082783813476562500e+02,8.550183105468750000e+02,8.477655639648437500e+02,8.288278198242187500e+02
8.183516235351562500e+02,8.546153564453125000e+02,8.465567626953125000e+02,8.296337280273437500e+02
8.953113403320312500e+02,8.517948608398437500e+02,8.477655639648437500e+02,8.614652099609375000e+02
9.061904907226562500e+02,8.505860595703125000e+02,8.469597167968750000e+02,8.679121093750000000e+02
8.292307739257812500e+02,8.534066162109375000e+02,8.497802124023437500e+02,8.380952148437500000e+02
7.969963378906250000e+02,8.509890136718750000e+02,8.489743652343750000e+02,8.276190185546875000e+02
8.699267578125000000e+02,8.445421142578125000e+02,8.469597167968750000e+02,8.562271118164062500e+02
9.146520385742187500e+02,8.473626098632812500e+02,8.497802124023437500e+02,8.715384521484375000e+02
8.586447143554687500e+02,8.517948608398437500e+02,8.513919677734375000e+02,8.477655639648437500e+02
7.982051391601562500e+02,8.521978149414062500e+02,8.517948608398437500e+02,8.288278198242187500e+02
8.469597167968750000e+02,8.513919677734375000e+02,8.517948608398437500e+02,8.513919677734375000e+02
9.013552856445312500e+02,8.485714111328125000e+02,8.505860595703125000e+02,8.711355590820312500e+02
8.626740112304687500e+02,8.497802124023437500e+02,8.521978149414062500e+02,8.582417602539062500e+02
7.953846435546875000e+02,8.505860595703125000e+02,8.505860595703125000e+02,8.280219726562500000e+02
8.219780273437500000e+02,8.469597167968750000e+02,8.493773193359375000e+02,8.356776733398437500e+02
8.888644409179687500e+02,8.461538696289062500e+02,8.501831665039062500e+02,8.634798583984375000e+02
8.775823974609375000e+02,8.477655639648437500e+02,8.489743652343750000e+02,8.610622558593750000e+02
8.066666870117187500e+02,8.493773193359375000e+02,8.477655639648437500e+02,8.324542236328125000e+02
8.010256347656250000e+02,8.485714111328125000e+02,8.469597167968750000e+02,8.268131713867187500e+02
8.763735961914062500e+02,8.465567626953125000e+02,8.481685180664062500e+02,8.558241577148437500e+02
8.993406372070312500e+02,8.473626098632812500e+02,8.509890136718750000e+02,8.679121093750000000e+02
8.352747192382812500e+02,8.505860595703125000e+02,8.513919677734375000e+02,8.433333129882812500e+02
8.022344360351562500e+02,8.534066162109375000e+02,8.505860595703125000e+02,8.292307739257812500e+02
8.679121093750000000e+02,8.513919677734375000e+02,8.501831665039062500e+02,8.566300659179687500e+02
9.158607788085937500e+02,8.505860595703125000e+02,8.513919677734375000e+02,8.763735961914062500e+02
8.602564086914062500e+02,8.534066162109375000e+02,8.530036621093750000e+02,8.505860595703125000e+02
8.010256347656250000e+02,8.517948608398437500e+02,8.517948608398437500e+02,8.272161254882812500e+02
8.505860595703125000e+02,8.489743652343750000e+02,8.509890136718750000e+02,8.493773193359375000e+02
9.138461303710937500e+02,8.489743652343750000e+02,8.513919677734375000e+02,8.727472534179687500e+02
8.804029541015625000e+02,8.517948608398437500e+02,8.521978149414062500e+02,8.618681030273437500e+02
8.046520385742187500e+02,8.534066162109375000e+02,8.526007080078125000e+02,8.308424682617187500e+02
8.199633789062500000e+02,8.493773193359375000e+02,8.526007080078125000e+02,8.380952148437500000e+02
8.916849975585937500e+02,8.505860595703125000e+02,8.501831665039062500e+02,8.675091552734375000e+02
8.928937988281250000e+02,8.513919677734375000e+02,8.497802124023437500e+02,8.663003540039062500e+02
8.187545776367187500e+02,8.509890136718750000e+02,8.534066162109375000e+02,8.409157714843750000e+02
7.973992919921875000e+02,8.497802124023437500e+02,8.509890136718750000e+02,8.368864746093750000e+02
8.671062011718750000e+02,8.493773193359375000e+02,8.485714111328125000e+02,8.606593627929687500e+02
8.969230957031250000e+02,8.521978149414062500e+02,8.513919677734375000e+02,8.691208496093750000e+02
8.324542236328125000e+02,8.521978149414062500e+02,8.526007080078125000e+02,8.433333129882812500e+02
7.901465454101562500e+02,8.513919677734375000e+02,8.517948608398437500e+02,8.256043701171875000e+02
8.550183105468750000e+02,8.481685180664062500e+02,8.481685180664062500e+02,8.477655639648437500e+02
9.041758422851562500e+02,8.489743652343750000e+02,8.485714111328125000e+02,8.622710571289062500e+02
8.493773193359375000e+02,8.517948608398437500e+02,8.513919677734375000e+02,8.425274658203125000e+02
7.849084472656250000e+02,8.521978149414062500e+02,8.509890136718750000e+02,8.243956298828125000e+02
8.304395751953125000e+02,8.505860595703125000e+02,8.497802124023437500e+02,8.425274658203125000e+02
8.997435913085937500e+02,8.509890136718750000e+02,8.489743652343750000e+02,8.679121093750000000e+02
8.731502075195312500e+02,8.526007080078125000e+02,8.505860595703125000e+02,8.590476074218750000e+02
8.006226806640625000e+02,8.534066162109375000e+02,8.509890136718750000e+02,8.247985229492187500e+02
8.163369750976562500e+02,8.542124633789062500e+02,8.485714111328125000e+02,8.276190185546875000e+02
8.961171875000000000e+02,8.509890136718750000e+02,8.505860595703125000e+02,8.602564086914062500e+02
9.013552856445312500e+02,8.497802124023437500e+02,8.530036621093750000e+02,8.634798583984375000e+02
8.227838745117187500e+02,8.521978149414062500e+02,8.530036621093750000e+02,8.340659179687500000e+02
7.961904907226562500e+02,8.505860595703125000e+02,8.513919677734375000e+02,8.296337280273437500e+02
8.683150024414062500e+02,8.481685180664062500e+02,8.501831665039062500e+02,8.558241577148437500e+02
9.061904907226562500e+02,8.469597167968750000e+02,8.501831665039062500e+02,8.703296508789062500e+02
8.493773193359375000e+02,8.501831665039062500e+02,8.517948608398437500e+02,8.513919677734375000e+02
8.006226806640625000e+02,8.538095092773437500e+02,8.509890136718750000e+02,8.276190185546875000e+02
8.530036621093750000e+02,8.517948608398437500e+02,8.493773193359375000e+02,8.477655639648437500e+02
9.086080322265625000e+02,8.513919677734375000e+02,8.481685180664062500e+02,8.707326049804687500e+02
8.634798583984375000e+02,8.517948608398437500e+02,8.481685180664062500e+02,8.526007080078125000e+02
7.973992919921875000e+02,8.521978149414062500e+02,8.485714111328125000e+02,8.235897216796875000e+02
8.360805664062500000e+02,8.509890136718750000e+02,8.481685180664062500e+02,8.441392211914062500e+02
9.017582397460937500e+02,8.465567626953125000e+02,8.493773193359375000e+02,8.695238037109375000e+02
8.804029541015625000e+02,8.469597167968750000e+02,8.493773193359375000e+02,8.562271118164062500e+02
8.034432373046875000e+02,8.509890136718750000e+02,8.497802124023437500e+02,8.268131713867187500e+02
8.034432373046875000e+02,8.493773193359375000e+02,8.505860595703125000e+02,8.280219726562500000e+02
8.791941528320312500e+02,8.477655639648437500e+02,8.489743652343750000e+02,8.586447143554687500e+02
8.868497924804687500e+02,8.481685180664062500e+02,8.485714111328125000e+02,8.610622558593750000e+02
8.090842285156250000e+02,8.497802124023437500e+02,8.505860595703125000e+02,8.332600708007812500e+02
7.808791503906250000e+02,8.481685180664062500e+02,8.521978149414062500e+02,8.247985229492187500e+02
8.513919677734375000e+02,8.449450683593750000e+02,8.517948608398437500e+02,8.526007080078125000e+02
8.908791503906250000e+02,8.489743652343750000e+02,8.534066162109375000e+02,8.663003540039062500e+02
8.368864746093750000e+02,8.534066162109375000e+02,8.534066162109375000e+02,8.449450683593750000e+02
7.897435913085937500e+02,8.534066162109375000e+02,8.509890136718750000e+02,8.268131713867187500e+02
8.497802124023437500e+02,8.513919677734375000e+02,8.513919677734375000e+02,8.493773193359375000e+02
9.090109863281250000e+02,8.485714111328125000e+02,8.526007080078125000e+02,8.699267578125000000e+02
8.699267578125000000e+02,8.509890136718750000e+02,8.521978149414062500e+02,8.550183105468750000e+02
8.010256347656250000e+02,8.542124633789062500e+02,8.513919677734375000e+02,8.300366210937500000e+02
8.308424682617187500e+02,8.505860595703125000e+02,8.497802124023437500e+02,8.449450683593750000e+02
9.053846435546875000e+02,8.485714111328125000e+02,8.461538696289062500e+02,8.695238037109375000e+02
8.973259887695312500e+02,8.477655639648437500e+02,8.481685180664062500e+02,8.602564086914062500e+02
8.191575317382812500e+02,8.513919677734375000e+02,8.505860595703125000e+02,8.328571166992187500e+02
8.159340820312500000e+02,8.542124633789062500e+02,8.505860595703125000e+02,8.348717651367187500e+02
8.900732421875000000e+02,8.513919677734375000e+02,8.513919677734375000e+02,8.658974609375000000e+02
9.073992919921875000e+02,8.509890136718750000e+02,8.505860595703125000e+02,8.719414062500000000e+02
8.356776733398437500e+02,8.534066162109375000e+02,8.509890136718750000e+02,8.441392211914062500e+02
7.929670410156250000e+02,8.530036621093750000e+02,8.501831665039062500e+02,8.328571166992187500e+02
8.574359130859375000e+02,8.501831665039062500e+02,8.489743652343750000e+02,8.562271118164062500e+02
9.033699340820312500e+02,8.505860595703125000e+02,8.521978149414062500e+02,8.671062011718750000e+02
8.485714111328125000e+02,8.534066162109375000e+02,8.521978149414062500e+02,8.457509155273437500e+02
7.853113403320312500e+02,8.526007080078125000e+02,8.493773193359375000e+02,8.252014770507812500e+02
8.332600708007812500e+02,8.493773193359375000e+02,8.477655639648437500e+02,8.425274658203125000e+02
8.868497924804687500e+02,8.461538696289062500e+02,8.489743652343750000e+02,8.590476074218750000e+02
8.546153564453125000e+02,8.429304199218750000e+02,8.542124633789062500e+02,8.598534545898437500e+02
8.018314819335937500e+02,8.413186645507812500e+02,8.558241577148437500e+02,8.449450683593750000e+02
8.147252807617187500e+02,8.501831665039062500e+02,8.469597167968750000e+02,8.324542236328125000e+02
8.747619018554687500e+02,8.578388061523437500e+02,8.397069702148437500e+02,8.401098632812500000e+02
8.739560546875000000e+02,8.574359130859375000e+02,8.384981689453125000e+02,8.380952148437500000e+02
7.965933837890625000e+02,8.594505615234375000e+02,8.368864746093750000e+02,8.026373901367187500e+02
7.772527465820312500e+02,8.586447143554687500e+02,8.316483764648437500e+02,7.897435913085937500e+02
8.481685180664062500e+02,8.570329589843750000e+02,8.276190185546875000e+02,8.106959838867187500e+02
8.646886596679687500e+02,8.590476074218750000e+02,8.227838745117187500e+02,8.090842285156250000e+02
7.853113403320312500e+02,8.626740112304687500e+02,8.195604248046875000e+02,7.772527465820312500e+02
7.470329589843750000e+02,8.658974609375000000e+02,8.159340820312500000e+02,7.567033081054687500e+02
8.090842285156250000e+02,8.667033081054687500e+02,8.098901367187500000e+02,7.752380981445312500e+02
8.521978149414062500e+02,8.683150024414062500e+02,8.078754882812500000e+02,7.877289428710937500e+02
8.094871826171875000e+02,8.715384521484375000e+02,8.066666870117187500e+02,7.724176025390625000e+02
7.538828125000000000e+02,8.703296508789062500e+02,8.050549316406250000e+02,7.563003540039062500e+02
7.990109863281250000e+02,8.663003540039062500e+02,8.058607788085937500e+02,7.796703491210937500e+02
8.719414062500000000e+02,8.663003540039062500e+02,8.102930297851562500e+02,8.163369750976562500e+02
8.497802124023437500e+02,8.675091552734375000e+02,8.155311279296875000e+02,8.135164794921875000e+02
7.748351440429687500e+02,8.671062011718750000e+02,8.179487304687500000e+02,7.841025390625000000e+02
7.917582397460937500e+02,8.638828125000000000e+02,8.171428833007812500e+02,7.929670410156250000e+02
8.767765502929687500e+02,8.614652099609375000e+02,8.199633789062500000e+02,8.292307739257812500e+02
8.800000000000000000e+02,8.618681030273437500e+02,8.239926757812500000e+02,8.332600708007812500e+02
8.094871826171875000e+02,8.622710571289062500e+02,8.256043701171875000e+02,8.066666870117187500e+02
7.965933837890625000e+02,8.606593627929687500e+02,8.268131713867187500e+02,8.074725341796875000e+02
8.711355590820312500e+02,8.574359130859375000e+02,8.280219726562500000e+02,8.413186645507812500e+02
9.057875366210937500e+02,8.586447143554687500e+02,8.288278198242187500e+02,8.534066162109375000e+02
8.441392211914062500e+02,8.586447143554687500e+02,8.312454223632812500e+02,8.292307739257812500e+02
7.957875366210937500e+02,8.574359130859375000e+02,8.344688720703125000e+02,8.159340820312500000e+02
8.582417602539062500e+02,8.574359130859375000e+02,8.360805664062500000e+02,8.389011230468750000e+02
9.126373901367187500e+02,8.566300659179687500e+02,8.372893676757812500e+02,8.538095092773437500e+02
8.638828125000000000e+02,8.574359130859375000e+02,8.389011230468750000e+02,8.413186645507812500e+02
7.973992919921875000e+02,8.606593627929687500e+02,8.401098632812500000e+02,8.231868286132812500e+02
8.288278198242187500e+02,8.590476074218750000e+02,8.397069702148437500e+02,8.389011230468750000e+02
8.953113403320312500e+02,8.558241577148437500e+02,8.405128173828125000e+02,8.646886596679687500e+02
8.808058471679687500e+02,8.554212646484375000e+02,8.433333129882812500e+02,8.598534545898437500e+02
8.078754882812500000e+02,8.574359130859375000e+02,8.453479614257812500e+02,8.348717651367187500e+02
8.159340820312500000e+02,8.574359130859375000e+02,8.429304199218750000e+02,8.340659179687500000e+02
8.936996459960937500e+02,8.546153564453125000e+02,8.429304199218750000e+02,8.550183105468750000e+02
9.001465454101562500e+02,8.566300659179687500e+02,8.469597167968750000e+02,8.675091552734375000e+02
8.252014770507812500e+02,8.586447143554687500e+02,8.477655639648437500e+02,8.437362670898437500e+02
8.002197875976562500e+02,8.578388061523437500e+02,8.453479614257812500e+02,8.308424682617187500e+02
8.747619018554687500e+02,8.558241577148437500e+02,8.441392211914062500e+02,8.638828125000000000e+02
9.102197875976562500e+02,8.526007080078125000e+02,8.469597167968750000e+02,8.791941528320312500e+02
8.441392211914062500e+02,8.534066162109375000e+02,8.465567626953125000e+02,8.493773193359375000e+02
7.933699340820312500e+02,8.570329589843750000e+02,8.453479614257812500e+02,8.256043701171875000e+02
8.493773193359375000e+02,8.578388061523437500e+02,8.465567626953125000e+02,8.509890136718750000e+02
9.065933837890625000e+02,8.554212646484375000e+02,8.461538696289062500e+02,8.707326049804687500e+02
8.634798583984375000e+02,8.534066162109375000e+02,8.473626098632812500e+02,8.505860595703125000e+02
8.014285888671875000e+02,8.566300659179687500e+02,8.477655639648437500e+02,8.284249267578125000e+02
8.360805664062500000e+02,8.570329589843750000e+02,8.461538696289062500e+02,8.425274658203125000e+02
8.993406372070312500e+02,8.542124633789062500e+02,8.449450683593750000e+02,8.663003540039062500e+02
8.864468994140625000e+02,8.546153564453125000e+02,8.453479614257812500e+02,8.606593627929687500e+02
8.139194335937500000e+02,8.578388061523437500e+02,8.489743652343750000e+02,8.352747192382812500e+02
8.131135253906250000e+02,8.562271118164062500e+02,8.489743652343750000e+02,8.356776733398437500e+02
8.828204956054687500e+02,8.530036621093750000e+02,8.473626098632812500e+02,8.646886596679687500e+02
9.025640869140625000e+02,8.546153564453125000e+02,8.493773193359375000e+02,8.727472534179687500e+02
8.308424682617187500e+02,8.562271118164062500e+02,8.481685180664062500e+02,8.429304199218750000e+02
7.921611938476562500e+02,8.542124633789062500e+02,8.453479614257812500e+02,8.300366210937500000e+02
8.622710571289062500e+02,8.513919677734375000e+02,8.445421142578125000e+02,8.562271118164062500e+02
9.025640869140625000e+02,8.509890136718750000e+02,8.465567626953125000e+02,8.663003540039062500e+02
8.501831665039062500e+02,8.521978149414062500e+02,8.481685180664062500e+02,8.457509155273437500e+02
7.933699340820312500e+02,8.542124633789062500e+02,8.473626098632812500e+02,8.239926757812500000e+02
8.465567626953125000e+02,8.530036621093750000e+02,8.477655639648437500e+02,8.477655639648437500e+02
9.094139404296875000e+02,8.505860595703125000e+02,8.481685180664062500e+02,8.735531005859375000e+02
8.747619018554687500e+02,8.530036621093750000e+02,8.501831665039062500e+02,8.570329589843750000e+02
8.054578857421875000e+02,8.534066162109375000e+02,8.513919677734375000e+02,8.324542236328125000e+02
8.243956298828125000e+02,8.505860595703125000e+02,8.477655639648437500e+02,8.384981689453125000e+02
9.025640869140625000e+02,8.521978149414062500e+02,8.429304199218750000e+02,8.654945068359375000e+02
8.969230957031250000e+02,8.505860595703125000e+02,8.449450683593750000e+02,8.667033081054687500e+02
8.171428833007812500e+02,8.526007080078125000e+02,8.469597167968750000e+02,8.364835205078125000e+02
8.090842285156250000e+02,8.566300659179687500e+02,8.441392211914062500e+02,8.364835205078125000e+02
8.832234497070312500e+02,8.530036621093750000e+02,8.433333129882812500e+02,8.610622558593750000e+02
9.078021850585937500e+02,8.530036621093750000e+02,8.465567626953125000e+02,8.679121093750000000e+02
8.425274658203125000e+02,8.562271118164062500e+02,8.481685180664062500e+02,8.473626098632812500e+02
8.042490844726562500e+02,8.530036621093750000e+02,8.465567626953125000e+02,8.316483764648437500e+02
8.683150024414062500e+02,8.477655639648437500e+02,8.485714111328125000e+02,8.574359130859375000e+02
9.078021850585937500e+02,8.465567626953125000e+02,8.509890136718750000e+02,8.723442993164062500e+02
8.526007080078125000e+02,8.517948608398437500e+02,8.497802124023437500e+02,8.558241577148437500e+02
7.986080322265625000e+02,8.542124633789062500e+02,8.481685180664062500e+02,8.324542236328125000e+02
8.445421142578125000e+02,8.481685180664062500e+02,8.485714111328125000e+02,8.481685180664062500e+02
9.106226806640625000e+02,8.441392211914062500e+02,8.526007080078125000e+02,8.787911987304687500e+02
8.816116943359375000e+02,8.433333129882812500e+02,8.554212646484375000e+02,8.667033081054687500e+02
8.078754882812500000e+02,8.465567626953125000e+02,8.521978149414062500e+02,8.372893676757812500e+02
8.231868286132812500e+02,8.477655639648437500e+02,8.497802124023437500e+02,8.417216186523437500e+02
8.981318969726562500e+02,8.465567626953125000e+02,8.509890136718750000e+02,8.695238037109375000e+02
8.993406372070312500e+02,8.485714111328125000e+02,8.509890136718750000e+02,8.691208496093750000e+02
8.207692260742187500e+02,8.542124633789062500e+02,8.481685180664062500e+02,8.372893676757812500e+02
8.058607788085937500e+02,8.546153564453125000e+02,8.489743652343750000e+02,8.328571166992187500e+02
8.816116943359375000e+02,8.526007080078125000e+02,8.517948608398437500e+02,8.610622558593750000e+02
9.098168334960937500e+02,8.513919677734375000e+02,8.554212646484375000e+02,8.743589477539062500e+02
8.477655639648437500e+02,8.513919677734375000e+02,8.558241577148437500e+02,8.602564086914062500e+02
8.090842285156250000e+02,8.513919677734375000e+02,8.505860595703125000e+02,8.433333129882812500e+02
8.683150024414062500e+02,8.477655639648437500e+02,8.513919677734375000e+02,8.586447143554687500e+02
9.130402832031250000e+02,8.453479614257812500e+02,8.509890136718750000e+02,8.775823974609375000e+02
8.646886596679687500e+02,8.501831665039062500e+02,8.501831665039062500e+02,8.554212646484375000e+02
7.990109863281250000e+02,8.566300659179687500e+02,8.509890136718750000e+02,8.292307739257812500e+02
8.441392211914062500e+02,8.517948608398437500e+02,8.481685180664062500e+02,8.477655639648437500e+02
9.126373901367187500e+02,8.485714111328125000e+02,8.461538696289062500e+02,8.719414062500000000e+02
8.888644409179687500e+02,8.509890136718750000e+02,8.489743652343750000e+02,8.610622558593750000e+02
8.183516235351562500e+02,8.546153564453125000e+02,8.485714111328125000e+02,8.300366210937500000e+02
8.215750732421875000e+02,8.534066162109375000e+02,8.489743652343750000e+02,8.304395751953125000e+02
8.900732421875000000e+02,8.497802124023437500e+02,8.501831665039062500e+02,8.606593627929687500e+02
9.021611938476562500e+02,8.497802124023437500e+02,8.509890136718750000e+02,8.654945068359375000e+02
8.231868286132812500e+02,8.530036621093750000e+02,8.521978149414062500e+02,8.384981689453125000e+02
7.885347900390625000e+02,8.542124633789062500e+02,8.497802124023437500e+02,8.296337280273437500e+02
8.679121093750000000e+02,8.505860595703125000e+02,8.485714111328125000e+02,8.590476074218750000e+02
9.082051391601562500e+02,8.477655639648437500e+02,8.497802124023437500e+02,8.731502075195312500e+02
8.425274658203125000e+02,8.513919677734375000e+02,8.517948608398437500e+02,8.477655639648437500e+02
7.877289428710937500e+02,8.534066162109375000e+02,8.505860595703125000e+02,8.284249267578125000e+02
8.469597167968750000e+02,8.505860595703125000e+02,8.513919677734375000e+02,8.513919677734375000e+02
9.001465454101562500e+02,8.497802124023437500e+02,8.554212646484375000e+02,8.723442993164062500e+02
8.574359130859375000e+02,8.526007080078125000e+02,8.562271118164062500e+02,8.582417602539062500e+02
7.909523925781250000e+02,8.542124633789062500e+02,8.550183105468750000e+02,8.288278198242187500e+02
8.264102783203125000e+02,8.513919677734375000e+02,8.521978149414062500e+02,8.384981689453125000e+02
9.029670410156250000e+02,8.497802124023437500e+02,8.509890136718750000e+02,8.663003540039062500e+02
8.804029541015625000e+02,8.497802124023437500e+02,8.538095092773437500e+02,8.590476074218750000e+02
8.042490844726562500e+02,8.530036621093750000e+02,8.538095092773437500e+02,8.292307739257812500e+02
8.086813354492187500e+02,8.546153564453125000e+02,8.489743652343750000e+02,8.296337280273437500e+02
8.787911987304687500e+02,8.505860595703125000e+02,8.493773193359375000e+02,8.602564086914062500e+02
8.945054931640625000e+02,8.521978149414062500e+02,8.505860595703125000e+02,8.723442993164062500e+02
8.219780273437500000e+02,8.558241577148437500e+02,8.497802124023437500e+02,8.421245117187500000e+02
7.941758422851562500e+02,8.546153564453125000e+02,8.489743652343750000e+02,8.256043701171875000e+02
8.663003540039062500e+02,8.546153564453125000e+02,8.489743652343750000e+02,8.534066162109375000e+02
9.029670410156250000e+02,8.530036621093750000e+02,8.517948608398437500e+02,8.650915527343750000e+02
8.437362670898437500e+02,8.509890136718750000e+02,8.513919677734375000e+02,8.389011230468750000e+02
8.010256347656250000e+02,8.542124633789062500e+02,8.485714111328125000e+02,8.215750732421875000e+02
8.634798583984375000e+02,8.562271118164062500e+02,8.465567626953125000e+02,8.497802124023437500e+02
9.025640869140625000e+02,8.538095092773437500e+02,8.513919677734375000e+02,8.703296508789062500e+02
8.598534545898437500e+02,8.550183105468750000e+02,8.566300659179687500e+02,8.570329589843750000e+02
8.038461303710937500e+02,8.554212646484375000e+02,8.542124633789062500e+02,8.272161254882812500e+02
8.380952148437500000e+02,8.546153564453125000e+02,8.481685180664062500e+02,8.320512695312500000e+02
9.029670410156250000e+02,8.558241577148437500e+02,8.473626098632812500e+02,8.626740112304687500e+02
8.808058471679687500e+02,8.546153564453125000e+02,8.554212646484375000e+02,8.626740112304687500e+02
7.945787353515625000e+02,8.485714111328125000e+02,8.630769042968750000e+02,8.300366210937500000e+02
7.917582397460937500e+02,8.457509155273437500e+02,8.630769042968750000e+02,8.332600708007812500e+02
8.820146484375000000e+02,8.473626098632812500e+02,8.566300659179687500e+02,8.638828125000000000e+02
9.013552856445312500e+02,8.481685180664062500e+02,8.534066162109375000e+02,8.675091552734375000e+02
8.243956298828125000e+02,8.509890136718750000e+02,8.562271118164062500e+02,8.421245117187500000e+02
7.841025390625000000e+02,8.497802124023437500e+02,8.590476074218750000e+02,8.312454223632812500e+02
8.542124633789062500e+02,8.461538696289062500e+02,8.598534545898437500e+02,8.598534545898437500e+02
9.065933837890625000e+02,8.477655639648437500e+02,8.586447143554687500e+02,8.759707031250000000e+02
8.594505615234375000e+02,8.542124633789062500e+02,8.566300659179687500e+02,8.554212646484375000e+02
8.038461303710937500e+02,8.578388061523437500e+02,8.542124633789062500e+02,8.332600708007812500e+02
8.590476074218750000e+02,8.558241577148437500e+02,8.530036621093750000e+02,8.558241577148437500e+02
9.219047851562500000e+02,8.530036621093750000e+02,8.558241577148437500e+02,8.828204956054687500e+02
8.808058471679687500e+02,8.489743652343750000e+02,8.614652099609375000e+02,8.727472534179687500e+02
8.131135253906250000e+02,8.505860595703125000e+02,8.622710571289062500e+02,8.445421142578125000e+02
8.417216186523437500e+02,8.517948608398437500e+02,8.570329589843750000e+02,8.526007080078125000e+02
9.190842285156250000e+02,8.517948608398437500e+02,8.542124633789062500e+02,8.840292968750000000e+02
9.134432373046875000e+02,8.558241577148437500e+02,8.550183105468750000e+02,8.816116943359375000e+02
8.356776733398437500e+02,8.574359130859375000e+02,8.513919677734375000e+02,8.465567626953125000e+02
8.235897216796875000e+02,8.542124633789062500e+02,8.501831665039062500e+02,8.401098632812500000e+02
9.013552856445312500e+02,8.538095092773437500e+02,8.521978149414062500e+02,8.727472534179687500e+02
9.315750732421875000e+02,8.550183105468750000e+02,8.530036621093750000e+02,8.856410522460937500e+02
8.598534545898437500e+02,8.550183105468750000e+02,8.538095092773437500e+02,8.618681030273437500e+02
8.163369750976562500e+02,8.558241577148437500e+02,8.526007080078125000e+02,8.505860595703125000e+02
8.872527465820312500e+02,8.526007080078125000e+02,8.505860595703125000e+02,8.783883056640625000e+02
9.343956298828125000e+02,8.497802124023437500e+02,8.530036621093750000e+02,8.928937988281250000e+02
8.779853515625000000e+02,8.526007080078125000e+02,8.550183105468750000e+02,8.727472534179687500e+02
8.171428833007812500e+02,8.534066162109375000e+02,8.509890136718750000e+02,8.501831665039062500e+02
8.642857055664062500e+02,8.538095092773437500e+02,8.485714111328125000e+02,8.679121093750000000e+02
9.291575317382812500e+02,8.550183105468750000e+02,8.501831665039062500e+02,8.924908447265625000e+02
9.001465454101562500e+02,8.554212646484375000e+02,8.481685180664062500e+02,8.771795043945312500e+02
8.296337280273437500e+02,8.562271118164062500e+02,8.465567626953125000e+02,8.457509155273437500e+02
8.429304199218750000e+02,8.542124633789062500e+02,8.469597167968750000e+02,8.538095092773437500e+02
9.126373901367187500e+02,8.513919677734375000e+02,8.477655639648437500e+02,8.808058471679687500e+02
9.190842285156250000e+02,8.497802124023437500e+02,8.493773193359375000e+02,8.816116943359375000e+02
8.445421142578125000e+02,8.485714111328125000e+02,8.489743652343750000e+02,8.570329589843750000e+02
8.139194335937500000e+02,8.493773193359375000e+02,8.509890136718750000e+02,8.453479614257812500e+02
8.892673950195312500e+02,8.477655639648437500e+02,8.497802124023437500e+02,8.731502075195312500e+02
9.291575317382812500e+02,8.477655639648437500e+02,8.477655639648437500e+02,8.920878906250000000e+02
8.610622558593750000e+02,8.509890136718750000e+02,8.489743652343750000e+02,8.642857055664062500e+02
8.070695800781250000e+02,8.509890136718750000e+02,8.489743652343750000e+02,8.433333129882812500e+02
8.699267578125000000e+02,8.521978149414062500e+02,8.469597167968750000e+02,8.683150024414062500e+02
9.299633789062500000e+02,8.505860595703125000e+02,8.469597167968750000e+02,8.892673950195312500e+02
8.864468994140625000e+02,8.501831665039062500e+02,8.493773193359375000e+02,8.727472534179687500e+02
8.256043701171875000e+02,8.542124633789062500e+02,8.505860595703125000e+02,8.481685180664062500e+02
8.602564086914062500e+02,8.509890136718750000e+02,8.493773193359375000e+02,8.594505615234375000e+02
9.247252807617187500e+02,8.489743652343750000e+02,8.489743652343750000e+02,8.795970458984375000e+02
9.098168334960937500e+02,8.521978149414062500e+02,8.521978149414062500e+02,8.727472534179687500e+02
8.364835205078125000e+02,8.530036621093750000e+02,8.521978149414062500e+02,8.461538696289062500e+02
8.324542236328125000e+02,8.501831665039062500e+02,8.513919677734375000e+02,8.429304199218750000e+02
9.045787353515625000e+02,8.505860595703125000e+02,8.526007080078125000e+02,8.731502075195312500e+02
9.194871826171875000e+02,8.509890136718750000e+02,8.521978149414062500e+02,8.759707031250000000e+02
8.433333129882812500e+02,8.521978149414062500e+02,8.501831665039062500e+02,8.505860595703125000e+02
8.151282348632812500e+02,8.517948608398437500e+02,8.497802124023437500e+02,8.421245117187500000e+02
8.852380981445312500e+02,8.505860595703125000e+02,8.477655639648437500e+02,8.638828125000000000e+02
9.190842285156250000e+02,8.530036621093750000e+02,8.485714111328125000e+02,8.795970458984375000e+02
8.517948608398437500e+02,8.517948608398437500e+02,8.521978149414062500e+02,8.594505615234375000e+02
7.913552856445312500e+02,8.517948608398437500e+02,8.513919677734375000e+02,8.397069702148437500e+02
8.453479614257812500e+02,8.517948608398437500e+02,8.489743652343750000e+02,8.558241577148437500e+02
9.021611938476562500e+02,8.469597167968750000e+02,8.477655639648437500e+02,8.747619018554687500e+02
8.638828125000000000e+02,8.477655639648437500e+02,8.481685180664062500e+02,8.610622558593750000e+02
7.973992919921875000e+02,8.513919677734375000e+02,8.469597167968750000e+02,8.320512695312500000e+02
